input_cg/SRTM90m_Clipped.txt
ncols        1266
nrows        606
xllcorner    7.561365043000
yllcorner    46.446718492000
cellsize           0.000833379736
NODATA_value  0
[rows 234 to 272 of 606, columns 1144 to 1231 of 1266]
2217 2282 2325 2365 2401 2460 2526 2573 2583 2593 2579 2542 2463 2429 2410 2389 2369 2350 2331 2330 2327 2325 2333 2367 2423 2456 2478 2493 2496 2499 2524 2545 2624 2685 2720 2747 2763 2724 2649 2565 2496 2447 2411 2374 2314 2268 2223 2179 2130 2082 2040 2001 1962 1912 1874 1845 1820 1790 1765 1748 1733 1729 1742 1756 1769 1791 1809 1814 1816 1826 1853 1862 1868 1890 1912 1922 1926 1932 1942 1947 1950 1951 1961 1991 2038 2071 2095 2115
2176 2233 2278 2313 2358 2425 2463 2492 2517 2518 2503 2475 2420 2381 2360 2343 2318 2313 2306 2307 2306 2296 2296 2332 2379 2413 2439 2452 2460 2477 2523 2572 2642 2667 2707 2748 2744 2723 2663 2592 2535 2498 2468 2431 2363 2304 2266 2228 2180 2118 2079 2031 1983 1939 1887 1839 1803 1778 1755 1739 1727 1710 1702 1704 1714 1734 1745 1741 1749 1765 1769 1778 1796 1822 1838 1841 1845 1848 1858 1877 1887 1880 1905 1937 1987 2017 2037 2056
2145 2194 2245 2298 2336 2381 2414 2438 2454 2456 2447 2428 2392 2341 2315 2286 2265 2260 2255 2258 2256 2250 2255 2282 2347 2380 2394 2416 2424 2498 2536 2581 2628 2659 2701 2738 2753 2735 2707 2615 2568 2552 2545 2514 2432 2387 2355 2299 2240 2187 2143 2081 2023 1987 1944 1879 1828 1785 1753 1730 1714 1705 1695 1684 1683 1687 1687 1689 1693 1700 1701 1702 1712 1722 1740 1753 1762 1773 1788 1799 1810 1818 1850 1888 1923 1947 1972 1997
2128 2181 2225 2281 2312 2337 2355 2365 2408 2422 2424 2406 2366 2309 2280 2247 2214 2201 2193 2186 2185 2193 2208 2242 2301 2343 2369 2399 2429 2501 2530 2551 2613 2653 2699 2741 2752 2726 2681 2601 2579 2551 2523 2490 2471 2457 2415 2370 2305 2260 2182 2133 2080 2025 1978 1945 1876 1820 1783 1746 1715 1695 1688 1680 1673 1664 1661 1658 1653 1656 1661 1652 1653 1656 1667 1678 1683 1696 1714 1738 1743 1759 1789 1833 1869 1893 1920 1959
2107 2143 2188 2227 2255 2284 2317 2357 2374 2405 2416 2413 2351 2293 2252 2207 2168 2148 2129 2121 2121 2136 2164 2216 2269 2321 2351 2382 2434 2483 2523 2569 2612 2654 2702 2741 2745 2719 2677 2631 2574 2539 2497 2463 2433 2415 2413 2381 2326 2285 2221 2173 2126 2069 2036 1987 1933 1879 1834 1788 1750 1730 1713 1694 1679 1672 1666 1655 1649 1638 1629 1626 1619 1612 1615 1625 1634 1640 1653 1676 1692 1707 1740 1779 1810 1852 1892 1931
2057 2096 2136 2171 2204 2245 2290 2326 2359 2384 2433 2402 2319 2251 2218 2173 2129 2111 2101 2097 2099 2111 2135 2198 2264 2306 2333 2372 2397 2467 2514 2562 2606 2645 2683 2711 2711 2687 2657 2634 2624 2585 2524 2466 2419 2391 2364 2328 2302 2268 2237 2200 2157 2124 2091 2034 1985 1947 1894 1840 1801 1768 1747 1731 1709 1698 1687 1677 1664 1646 1630 1621 1610 1609 1608 1609 1607 1610 1623 1637 1645 1668 1700 1723 1763 1815 1851 1882
2018 2062 2096 2138 2173 2217 2254 2298 2319 2343 2387 2325 2254 2213 2189 2137 2109 2095 2093 2091 2091 2106 2137 2211 2265 2293 2325 2364 2415 2456 2494 2538 2579 2606 2625 2639 2637 2622 2610 2609 2631 2583 2528 2477 2431 2385 2349 2315 2288 2262 2236 2202 2171 2146 2116 2074 2033 1981 1930 1889 1858 1833 1814 1789 1761 1748 1729 1717 1694 1686 1667 1643 1621 1608 1601 1600 1598 1601 1605 1610 1620 1639 1665 1674 1701 1749 1776 1806
1992 2038 2059 2096 2138 2181 2219 2258 2269 2288 2293 2244 2194 2161 2139 2105 2089 2088 2085 2086 2090 2104 2149 2198 2244 2293 2319 2349 2444 2461 2459 2499 2534 2548 2547 2544 2540 2535 2536 2548 2571 2565 2537 2490 2436 2391 2366 2331 2297 2262 2232 2202 2172 2142 2120 2095 2058 2015 1978 1951 1924 1901 1885 1868 1830 1800 1782 1770 1737 1727 1713 1690 1661 1636 1619 1608 1598 1594 1596 1596 1598 1606 1623 1637 1654 1685 1708 1744
1969 1996 2032 2074 2113 2152 2191 2224 2238 2243 2237 2207 2150 2127 2109 2089 2085 2086 2087 2082 2084 2097 2133 2172 2211 2264 2316 2371 2390 2405 2389 2450 2519 2495 2435 2448 2411 2424 2446 2470 2485 2504 2491 2469 2406 2364 2325 2298 2271 2246 2220 2195 2174 2153 2136 2119 2086 2060 2039 2008 1985 1966 1936 1910 1887 1847 1848 1823 1826 1799 1778 1754 1735 1701 1662 1654 1634 1614 1607 1596 1585 1586 1598 1607 1615 1633 1649 1676
1943 1980 2018 2046 2082 2118 2154 2190 2202 2201 2187 2145 2118 2105 2094 2080 2072 2061 2060 2061 2067 2091 2119 2145 2190 2251 2291 2313 2338 2330 2323 2399 2493 2428 2371 2333 2362 2372 2395 2403 2408 2432 2434 2418 2386 2342 2300 2275 2255 2243 2230 2217 2200 2193 2180 2157 2135 2117 2095 2064 2035 2010 1985 1967 1956 1981 1960 1922 1906 1891 1856 1844 1826 1797 1775 1751 1727 1700 1657 1624 1599 1576 1577 1577 1572 1579 1596 1609
1929 1958 1993 2032 2071 2102 2132 2158 2165 2159 2143 2114 2092 2078 2058 2052 2041 2031 2025 2033 2056 2083 2111 2129 2179 2236 2266 2279 2273 2302 2347 2349 2366 2330 2298 2299 2309 2315 2324 2340 2349 2358 2374 2381 2379 2371 2361 2343 2333 2276 2259 2270 2257 2252 2234 2212 2187 2165 2139 2104 2075 2049 2035 2032 2047 2045 2025 2006 1979 1952 1933 1928 1922 1899 1869 1847 1797 1793 1767 1728 1681 1631 1590 1576 1558 1553 1552 1554
1910 1936 1975 2010 2042 2077 2113 2135 2131 2119 2099 2080 2067 2051 2045 2035 2024 2013 2006 2007 2027 2064 2101 2123 2158 2197 2224 2240 2277 2311 2333 2297 2267 2258 2257 2260 2264 2264 2277 2297 2305 2313 2317 2322 2332 2343 2374 2383 2388 2435 2399 2365 2341 2318 2288 2260 2244 2219 2189 2165 2132 2111 2093 2089 2099 2099 2104 2091 2064 2036 2014 1997 1985 1973 1955 1944 1923 1896 1862 1822 1779 1708 1656 1623 1591 1568 1545 1534
1898 1919 1956 1988 2018 2048 2066 2096 2083 2059 2045 2037 2034 2028 2021 2015 2006 1991 1982 1980 1993 2039 2083 2106 2126 2148 2170 2195 2223 2247 2246 2235 2235 2224 2220 2222 2229 2238 2255 2272 2281 2283 2276 2273 2282 2295 2321 2355 2407 2434 2464 2454 2425 2391 2362 2340 2311 2287 2255 2221 2197 2189 2171 2152 2166 2196 2187 2155 2124 2101 2090 2073 2070 2056 2048 2039 2004 1959 1931 1884 1827 1776 1720 1669 1624 1582 1554 1539
1885 1909 1933 1956 1976 1994 1997 1988 2000 1990 1983 1986 1999 2001 1996 1988 1979 1969 1955 1950 1959 2001 2039 2063 2084 2101 2122 2139 2146 2160 2172 2184 2188 2191 2193 2197 2206 2223 2246 2262 2261 2256 2248 2242 2250 2262 2274 2296 2334 2387 2448 2494 2492 2465 2443 2403 2379 2358 2330 2311 2295 2263 2236 2176 2251 2263 2243 2210 2160 2150 2145 2137 2123 2112 2092 2075 2055 2012 1975 1927 1891 1869 1801 1754 1691 1636 1591 1563
1867 1877 1891 1902 1914 1919 1924 1917 1926 1931 1937 1944 1965 1973 1967 1960 1954 1943 1929 1922 1928 1957 1984 2004 2020 2038 2052 2063 2080 2096 2120 2140 2154 2169 2176 2180 2189 2208 2227 2240 2243 2233 2224 2221 2233 2240 2237 2252 2291 2325 2381 2452 2498 2516 2508 2483 2444 2442 2432 2406 2366 2345 2343 2343 2340 2316 2301 2271 2244 2209 2187 2175 2169 2164 2148 2131 2105 2076 2035 1983 1936 1887 1834 1791 1745 1693 1633 1595
1833 1839 1844 1855 1863 1868 1867 1866 1879 1901 1911 1913 1932 1945 1944 1944 1941 1928 1917 1903 1899 1911 1929 1943 1962 1978 1990 1996 2016 2039 2065 2085 2111 2133 2155 2164 2178 2190 2205 2209 2209 2206 2204 2209 2219 2224 2217 2222 2248 2276 2325 2390 2437 2483 2514 2531 2536 2533 2512 2496 2467 2438 2437 2431 2438 2420 2384 2349 2317 2278 2252 2229 2221 2218 2194 2161 2129 2078 2038 1998 1956 1905 1860 1808 1760 1717 1656 1606
1786 1798 1806 1818 1828 1840 1843 1844 1853 1868 1872 1886 1900 1914 1923 1931 1937 1932 1911 1888 1870 1869 1881 1894 1911 1921 1930 1943 1966 1984 2008 2031 2065 2090 2117 2140 2156 2159 2175 2179 2170 2169 2179 2185 2194 2204 2199 2200 2220 2246 2275 2322 2372 2426 2485 2501 2508 2506 2478 2458 2463 2478 2492 2493 2497 2492 2478 2441 2400 2357 2317 2312 2292 2266 2243 2221 2205 2156 2119 2085 2039 2011 1961 1915 1858 1786 1730 1664
1726 1740 1762 1788 1802 1818 1825 1826 1831 1839 1846 1859 1868 1878 1892 1905 1915 1918 1903 1874 1847 1840 1844 1848 1863 1875 1882 1892 1916 1941 1956 1980 2006 2034 2065 2080 2092 2102 2119 2136 2135 2132 2143 2153 2161 2168 2177 2178 2197 2215 2246 2279 2334 2383 2425 2453 2448 2447 2426 2403 2392 2405 2421 2426 2451 2489 2524 2519 2510 2430 2381 2372 2358 2326 2309 2296 2303 2244 2200 2146 2101 2055 2009 1976 1884 1820 1776 1723
1665 1694 1718 1740 1760 1772 1779 1786 1794 1797 1806 1820 1830 1840 1853 1862 1868 1879 1879 1869 1846 1826 1815 1815 1820 1831 1840 1852 1871 1890 1905 1928 1954 1973 1992 2014 2029 2043 2061 2078 2087 2097 2111 2121 2129 2132 2144 2152 2166 2183 2212 2243 2290 2328 2360 2385 2412 2379 2358 2328 2318 2318 2329 2344 2395 2442 2483 2514 2543 2557 2483 2443 2402 2370 2353 2354 2329 2280 2212 2144 2093 2055 2032 1976 1918 1856 1795 1706
1618 1652 1685 1705 1722 1724 1725 1732 1745 1757 1768 1776 1788 1800 1807 1819 1832 1851 1859 1866 1855 1827 1795 1778 1783 1794 1806 1819 1829 1845 1859 1875 1896 1914 1933 1953 1970 1982 2000 2016 2032 2052 2075 2094 2099 2098 2103 2115 2136 2156 2182 2209 2238 2272 2289 2323 2315 2306 2287 2265 2260 2258 2262 2275 2319 2381 2426 2462 2497 2527 2529 2473 2428 2386 2360 2367 2343 2306 2256 2188 2138 2097 2042 1995 1944 1872 1845 1766
1572 1595 1630 1653 1666 1666 1663 1672 1686 1705 1720 1735 1743 1759 1774 1783 1792 1806 1815 1815 1823 1813 1786 1752 1743 1749 1763 1775 1789 1805 1818 1827 1841 1857 1874 1890 1907 1928 1950 1970 1983 2003 2024 2044 2054 2059 2068 2078 2091 2107 2134 2161 2180 2203 2224 2236 2237 2221 2218 2208 2209 2215 2217 2228 2262 2316 2358 2403 2436 2458 2479 2470 2428 2376 2335 2303 2298 2295 2282 2194 2167 2100 2053 2010 1990 1930 1883 1826
1527 1539 1564 1598 1615 1615 1614 1619 1628 1641 1658 1669 1679 1695 1717 1728 1733 1760 1776 1765 1764 1760 1747 1721 1702 1703 1711 1721 1735 1754 1766 1778 1793 1809 1828 1837 1849 1877 1898 1918 1944 1970 1981 1989 2004 2018 2034 2041 2048 2064 2081 2096 2121 2139 2151 2152 2166 2170 2173 2171 2176 2183 2181 2187 2216 2247 2295 2338 2367 2403 2424 2443 2415 2349 2288 2259 2241 2230 2205 2163 2136 2097 2060 2019 1982 1935 1884 1821
1480 1492 1502 1527 1556 1560 1565 1569 1574 1581 1591 1597 1609 1627 1635 1653 1670 1687 1710 1723 1719 1717 1705 1681 1663 1660 1666 1677 1688 1698 1711 1729 1743 1766 1786 1794 1803 1825 1851 1882 1910 1937 1945 1949 1953 1967 1989 2009 2016 2027 2039 2046 2056 2072 2088 2096 2106 2124 2137 2143 2142 2150 2146 2154 2176 2201 2232 2267 2301 2342 2372 2407 2414 2365 2308 2256 2224 2202 2180 2155 2130 2103 2067 2030 1995 1958 1920 1858
1468 1462 1463 1469 1483 1501 1506 1519 1528 1527 1534 1541 1545 1553 1568 1573 1593 1621 1637 1651 1653 1649 1647 1636 1618 1617 1631 1631 1636 1649 1663 1676 1691 1708 1733 1757 1764 1783 1810 1842 1869 1897 1910 1914 1911 1926 1948 1968 1980 1994 2002 2009 2015 2024 2040 2051 2062 2080 2089 2081 2075 2073 2080 2095 2127 2154 2185 2216 2249 2284 2333 2371 2402 2407 2361 2309 2265 2213 2176 2150 2122 2100 2076 2042 2006 1962 1917 1877
1481 1471 1460 1456 1448 1446 1464 1480 1489 1495 1497 1492 1491 1490 1490 1502 1513 1528 1556 1577 1578 1568 1565 1562 1558 1566 1566 1572 1580 1589 1603 1620 1634 1651 1679 1705 1726 1746 1774 1799 1826 1848 1862 1868 1869 1883 1903 1925 1935 1942 1949 1958 1969 1978 1993 2012 2031 2028 2021 2011 1998 2009 2027 2045 2069 2105 2135 2164 2200 2237 2278 2320 2369 2399 2411 2378 2333 2275 2226 2184 2145 2120 2088 2060 2007 1965 1928 1890
1511 1498 1486 1473 1458 1448 1445 1445 1451 1462 1466 1460 1455 1448 1447 1446 1448 1458 1479 1496 1508 1504 1504 1502 1495 1498 1510 1516 1526 1536 1549 1566 1585 1606 1630 1661 1693 1713 1743 1770 1786 1805 1817 1815 1822 1842 1861 1869 1890 1892 1890 1894 1905 1921 1940 1957 1960 1957 1952 1931 1930 1955 1972 1992 2025 2059 2084 2115 2157 2199 2234 2264 2305 2345 2373 2375 2350 2298 2246 2201 2168 2134 2105 2072 2042 2009 1979 1953
1555 1534 1516 1503 1483 1470 1453 1436 1433 1440 1440 1435 1430 1423 1415 1412 1411 1414 1413 1436 1446 1445 1441 1441 1439 1447 1453 1461 1474 1485 1497 1514 1532 1555 1580 1615 1657 1692 1717 1736 1753 1766 1771 1779 1790 1805 1823 1838 1838 1833 1832 1831 1845 1858 1874 1886 1886 1881 1876 1867 1879 1891 1907 1943 1976 2007 2044 2076 2115 2153 2189 2220 2249 2280 2322 2365 2382 2375 2351 2292 2217 2163 2151 2102 2067 2050 2038 2001
1612 1593 1570 1543 1520 1507 1491 1468 1457 1436 1437 1441 1428 1422 1415 1413 1406 1399 1387 1390 1401 1401 1401 1403 1407 1412 1411 1413 1420 1432 1447 1464 1483 1504 1531 1569 1614 1657 1687 1700 1704 1721 1731 1741 1751 1769 1786 1786 1779 1773 1774 1777 1786 1800 1806 1812 1819 1818 1813 1806 1814 1840 1870 1901 1928 1959 1997 2034 2069 2108 2142 2175 2200 2227 2266 2325 2362 2385 2405 2387 2363 2307 2265 2226 2189 2144 2116 2069
1678 1654 1634 1610 1596 1574 1548 1527 1510 1491 1490 1486 1474 1455 1440 1434 1426 1423 1409 1394 1381 1376 1371 1377 1381 1384 1385 1384 1385 1392 1400 1412 1431 1451 1471 1504 1549 1592 1630 1648 1655 1667 1685 1688 1702 1715 1729 1729 1724 1719 1717 1721 1723 1733 1755 1754 1757 1760 1766 1762 1765 1793 1829 1864 1894 1918 1948 1985 2020 2059 2095 2123 2159 2189 2216 2256 2295 2322 2357 2384 2378 2345 2295 2251 2214 2179 2154 2089
1755 1734 1719 1708 1676 1642 1606 1577 1558 1544 1535 1528 1521 1504 1487 1484 1490 1471 1446 1422 1403 1387 1373 1367 1363 1364 1363 1366 1363 1365 1369 1365 1374 1393 1408 1435 1480 1514 1555 1575 1592 1603 1617 1629 1642 1651 1666 1671 1671 1666 1665 1673 1681 1687 1709 1712 1715 1716 1716 1709 1725 1763 1807 1841 1849 1861 1891 1923 1953 1998 2035 2071 2112 2144 2171 2204 2230 2265 2297 2341 2369 2367 2334 2270 2277 2257 2218 2171
1837 1822 1794 1765 1731 1689 1658 1624 1599 1575 1560 1556 1550 1545 1556 1572 1572 1541 1495 1465 1439 1430 1415 1394 1377 1364 1355 1351 1347 1349 1349 1347 1346 1350 1358 1377 1411 1437 1464 1500 1525 1542 1549 1571 1584 1594 1603 1618 1623 1613 1608 1611 1618 1640 1663 1669 1665 1670 1671 1676 1708 1752 1780 1794 1795 1804 1837 1867 1901 1940 1987 2027 2064 2098 2121 2149 2176 2205 2236 2280 2322 2348 2298 2300 2315 2297 2275 2194
1921 1891 1859 1826 1788 1742 1711 1677 1643 1607 1595 1576 1577 1597 1623 1623 1610 1591 1556 1525 1510 1496 1476 1444 1414 1399 1384 1373 1366 1355 1348 1339 1337 1334 1334 1345 1356 1381 1407 1431 1454 1474 1486 1506 1521 1534 1551 1560 1566 1562 1555 1562 1574 1596 1615 1633 1627 1622 1624 1656 1689 1720 1736 1747 1752 1758 1791 1825 1862 1904 1940 1982 2020 2046 2074 2097 2119 2141 2161 2183 2184 2227 2233 2230 2254 2268 2249 2209
1973 1933 1892 1852 1810 1773 1739 1705 1669 1635 1615 1610 1623 1655 1672 1661 1647 1633 1614 1597 1573 1555 1538 1521 1495 1468 1444 1431 1413 1391 1374 1351 1336 1333 1329 1328 1335 1347 1354 1369 1384 1405 1431 1446 1462 1480 1488 1504 1509 1507 1512 1522 1537 1559 1579 1596 1585 1572 1595 1631 1665 1673 1679 1691 1694 1710 1743 1788 1820 1867 1899 1939 1968 1999 2027 2043 2054 2076 2095 2111 2123 2126 2142 2158 2174 2192 2199 2188
1992 1951 1915 1884 1853 1807 1763 1721 1688 1672 1665 1665 1683 1714 1730 1733 1727 1712 1688 1674 1651 1630 1609 1589 1565 1534 1515 1499 1475 1445 1418 1395 1370 1348 1328 1322 1324 1328 1330 1334 1342 1356 1372 1389 1413 1430 1439 1447 1458 1470 1473 1478 1497 1515 1542 1551 1538 1537 1576 1608 1616 1621 1621 1624 1648 1684 1721 1754 1786 1825 1858 1883 1913 1936 1964 1975 1982 1999 2018 2036 2049 2055 2067 2075 2092 2119 2136 2134
2016 1983 1956 1924 1894 1847 1817 1786 1757 1739 1741 1755 1766 1772 1787 1796 1796 1802 1788 1769 1754 1733 1706 1672 1642 1617 1592 1566 1540 1517 1475 1447 1414 1392 1368 1346 1327 1321 1317 1316 1327 1327 1334 1346 1368 1382 1392 1404 1421 1431 1438 1448 1456 1466 1496 1502 1495 1514 1545 1563 1567 1563 1578 1611 1628 1649 1682 1711 1742 1764 1783 1808 1841 1869 1884 1890 1903 1917 1938 1941 1954 1972 1978 2013 2037 2060 2102 2111
2056 2034 2005 1973 1957 1929 1875 1842 1824 1822 1815 1818 1833 1850 1860 1873 1876 1872 1869 1864 1841 1797 1766 1729 1694 1670 1653 1633 1612 1582 1557 1526 1490 1451 1424 1394 1368 1352 1332 1320 1315 1313 1314 1314 1323 1342 1354 1368 1386 1403 1413 1422 1428 1436 1446 1452 1462 1484 1503 1511 1514 1523 1556 1577 1579 1607 1640 1663 1694 1709 1726 1746 1771 1797 1807 1814 1821 1832 1853 1861 1866 1873 1903 1958 1987 2017 2070 2120
2083 2059 2052 2046 2027 1998 1973 1962 1920 1906 1901 1906 1903 1917 1928 1937 1942 1947 1941 1927 1903 1861 1825 1779 1742 1723 1710 1703 1692 1665 1639 1608 1577 1541 1500 1463 1427 1406 1387 1364 1342 1324 1308 1300 1301 1311 1324 1337 1348 1361 1372 1383 1398 1407 1414 1412 1417 1446 1462 1466 1477 1492 1513 1522 1530 1556 1599 1621 1634 1645 1653 1672 1689 1698 1723 1747 1764 1768 1766 1783 1798 1821 1849 1886 1934 2002 2046 2078
2137 2127 2121 2109 2090 2073 2052 2038 2027 2007 1992 1990 1979 1988 2005 2015 2019 2022 2011 1991 1962 1923 1889 1853 1818 1794 1778 1768 1760 1743 1721 1690 1647 1606 1567 1530 1499 1473 1447 1420 1392 1362 1333 1312 1300 1298 1306 1309 1317 1325 1333 1350 1362 1367 1376 1371 1377 1402 1421 1431 1440 1440 1450 1459 1482 1507 1530 1549 1569 1579 1589 1602 1612 1639 1658 1675 1689 1689 1702 1715 1752 1792 1812 1838 1875 1953 2000 2023
2198 2185 2179 2164 2142 2120 2108 2094 2079 2073 2080 2079 2059 2051 2073 2093 2101 2090 2071 2037 2013 1980 1951 1935 1907 1883 1857 1827 1809 1796 1783 1761 1724 1669 1633 1606 1574 1539 1499 1476 1451 1426 1395 1363 1337 1309 1295 1286 1287 1300 1307 1310 1311 1316 1323 1324 1329 1349 1373 1388 1397 1389 1387 1399 1424 1440 1449 1466 1483 1502 1518 1542 1568 1584 1590 1607 1622 1641 1667 1689 1717 1736 1751 1781 1829 1892 1933 1958
