input_cg/SRTM90m_Clipped.txt
ncols        1266
nrows        606
xllcorner    7.561365043000
yllcorner    46.446718492000
cellsize           0.000833379736
NODATA_value  0
[rows 78 to 116 of 606, columns 968 to 1055 of 1266]
996 944 901 859 824 781 735 688 640 593 553 540 541 542 539 539 554 562 558 567 579 585 598 643 696 738 779 820 882 932 980 1041 1095 1125 1152 1168 1170 1180 1191 1204 1214 1217 1210 1244 1238 1208 1183 1142 1096 1056 1020 979 953 936 922 906 896 880 868 874 887 890 897 912 917 923 939 971 998 1017 1032 1057 1086 1117 1128 1134 1142 1160 1181 1207 1233 1256 1275 1296 1311 1329 1352 1388
993 944 895 859 824 775 723 674 622 576 546 543 542 541 540 549 573 592 592 599 623 633 640 673 703 748 797 845 894 925 975 1012 1064 1088 1099 1108 1116 1122 1129 1140 1147 1133 1165 1190 1210 1201 1175 1145 1095 1062 1027 1006 989 967 946 929 903 885 871 878 887 894 897 901 906 918 933 955 969 986 1002 1026 1052 1069 1079 1099 1121 1150 1183 1201 1218 1242 1259 1282 1306 1326 1349 1376
967 932 884 864 827 769 716 660 602 561 541 541 541 541 550 575 596 605 607 614 641 663 682 703 716 737 775 810 848 885 916 948 977 1007 1034 1049 1031 1060 1047 1060 1085 1101 1123 1144 1168 1194 1187 1158 1124 1099 1070 1042 1020 992 974 947 918 901 886 877 880 887 893 901 909 921 934 946 962 976 994 1013 1028 1050 1072 1102 1128 1152 1170 1184 1200 1214 1235 1268 1296 1324 1351 1374
943 912 880 846 813 762 700 649 599 554 543 540 539 549 576 599 609 616 625 635 658 678 697 716 726 733 752 773 801 835 863 886 924 949 975 1001 1014 1021 1035 1049 1059 1076 1098 1124 1145 1168 1179 1176 1156 1126 1104 1077 1055 1040 1006 975 946 925 904 884 878 885 889 898 906 917 933 953 975 991 1008 1024 1038 1054 1073 1090 1111 1132 1142 1158 1171 1187 1220 1269 1313 1343 1359 1366
950 908 866 828 793 737 679 640 590 552 547 545 551 574 595 606 616 631 644 654 672 686 699 719 731 739 760 775 794 819 847 863 893 921 944 968 981 992 1005 1024 1035 1058 1080 1106 1125 1145 1173 1195 1199 1163 1132 1104 1084 1050 1014 984 965 952 929 901 889 886 886 891 901 913 922 937 957 977 991 1005 1022 1032 1040 1057 1079 1101 1121 1139 1154 1182 1217 1269 1313 1346 1362 1373
955 915 880 833 790 734 675 629 580 552 547 548 568 585 599 613 629 647 661 667 680 692 701 719 740 752 765 786 804 818 830 847 870 891 913 940 952 967 982 997 1014 1032 1056 1083 1115 1145 1176 1204 1214 1197 1159 1120 1090 1055 1023 999 982 966 941 918 905 894 889 891 900 911 919 929 936 949 967 987 1000 1019 1038 1077 1101 1121 1157 1189 1221 1252 1277 1302 1327 1352 1374 1395
963 909 868 828 780 717 664 616 565 547 548 558 580 598 611 626 638 656 669 679 689 697 708 722 744 757 766 779 798 809 819 833 855 876 902 920 940 958 972 984 997 1014 1037 1067 1106 1133 1156 1189 1210 1199 1168 1129 1099 1066 1035 1012 985 970 952 935 916 902 894 895 901 911 921 931 941 950 961 983 1017 1058 1105 1152 1189 1216 1251 1278 1298 1322 1347 1373 1392 1404 1421 1437
949 893 858 826 761 704 650 601 555 547 553 562 585 609 629 642 652 665 673 683 694 703 716 730 743 750 759 768 782 798 816 838 860 879 895 912 933 952 968 980 992 1011 1032 1060 1095 1117 1143 1175 1205 1215 1199 1169 1125 1098 1062 1036 1003 979 956 942 924 907 896 897 902 910 917 927 935 943 965 996 1034 1111 1173 1222 1266 1298 1336 1360 1389 1390 1407 1438 1451 1457 1464 1473
911 882 855 803 745 699 643 590 555 549 562 580 599 614 636 649 655 670 685 696 706 713 720 729 738 749 755 769 790 818 837 854 865 882 898 915 928 948 967 987 1005 1022 1042 1062 1080 1102 1125 1154 1188 1220 1221 1191 1153 1121 1097 1068 1034 1005 980 952 934 914 900 903 899 898 906 913 919 944 967 1008 1105 1177 1229 1283 1326 1373 1411 1437 1454 1463 1473 1483 1494 1501 1497 1498
874 849 822 786 734 696 637 586 554 559 575 602 620 631 641 651 659 672 690 699 704 706 712 727 746 765 772 784 811 847 870 879 892 900 908 915 933 950 968 991 1012 1029 1052 1064 1076 1099 1121 1145 1166 1198 1221 1212 1177 1143 1115 1083 1055 1035 1012 979 949 925 911 909 901 895 902 915 933 959 1014 1092 1157 1216 1258 1303 1362 1408 1444 1473 1494 1512 1525 1539 1541 1534 1545 1542
824 802 775 751 705 663 616 572 553 567 586 606 626 643 650 652 658 666 678 685 696 709 724 736 755 772 786 804 830 859 880 898 912 915 919 922 933 946 964 990 1015 1034 1057 1069 1088 1117 1135 1155 1180 1208 1236 1247 1223 1181 1147 1125 1123 1123 1092 1034 995 961 941 932 925 931 932 964 1028 1058 1103 1159 1209 1256 1297 1324 1366 1411 1454 1487 1518 1555 1587 1612 1625 1622 1635 1639
849 795 763 708 659 613 584 562 554 565 588 617 636 643 652 655 662 674 689 699 706 719 733 745 763 782 803 820 843 874 897 915 923 925 928 932 936 947 962 988 1017 1041 1061 1082 1103 1132 1155 1185 1207 1231 1259 1275 1259 1234 1218 1229 1232 1221 1200 1178 1117 1038 1023 960 966 987 1099 1093 1112 1135 1170 1207 1245 1297 1335 1360 1375 1417 1456 1492 1533 1589 1639 1677 1700 1698 1695 1690
842 779 728 664 618 587 575 564 558 575 599 618 628 643 654 658 668 681 691 700 709 728 743 757 766 782 802 824 846 878 898 908 918 926 931 937 943 955 970 989 1013 1037 1061 1091 1120 1144 1166 1197 1225 1251 1280 1302 1304 1293 1284 1284 1288 1295 1285 1247 1204 1163 1128 1184 1123 1143 1139 1150 1169 1198 1242 1265 1289 1322 1358 1390 1414 1439 1472 1504 1551 1603 1662 1709 1740 1748 1743 1749
787 729 675 631 588 569 564 561 565 592 608 621 627 637 650 661 675 684 691 703 721 735 749 762 772 782 796 812 834 868 887 905 915 920 926 937 947 962 981 1002 1023 1049 1086 1119 1153 1175 1199 1235 1263 1283 1310 1339 1360 1358 1346 1339 1343 1347 1350 1321 1269 1228 1225 1244 1250 1236 1238 1248 1283 1310 1334 1337 1339 1360 1390 1415 1439 1468 1490 1528 1575 1626 1683 1728 1751 1762 1773 1784
741 691 644 607 572 560 557 562 577 597 613 621 625 637 650 665 676 688 700 713 726 739 749 761 771 781 794 808 826 852 872 887 900 909 920 932 947 963 983 1014 1041 1079 1113 1143 1177 1209 1240 1268 1302 1326 1350 1372 1396 1404 1405 1411 1410 1402 1393 1370 1329 1277 1265 1279 1287 1295 1311 1327 1344 1356 1366 1378 1384 1402 1422 1440 1465 1496 1526 1561 1604 1654 1697 1734 1754 1773 1786 1790
703 665 632 599 562 558 557 564 580 596 611 621 628 638 650 662 678 694 703 711 721 732 743 755 763 775 786 801 822 848 873 882 888 900 913 927 946 970 1002 1028 1060 1094 1132 1157 1187 1219 1260 1291 1330 1364 1386 1405 1431 1460 1477 1497 1499 1463 1429 1399 1366 1331 1306 1310 1331 1350 1374 1388 1397 1411 1426 1441 1444 1450 1461 1483 1510 1540 1571 1609 1655 1691 1726 1753 1766 1776 1776 1775
677 642 613 577 563 560 563 573 589 598 606 613 622 632 643 660 675 688 696 705 713 722 733 748 764 782 796 817 836 857 873 883 889 901 921 943 968 1005 1036 1064 1098 1132 1165 1196 1236 1263 1300 1334 1369 1398 1420 1435 1483 1539 1577 1602 1593 1562 1505 1454 1400 1370 1356 1362 1387 1393 1410 1435 1451 1468 1482 1491 1499 1507 1521 1535 1571 1601 1637 1656 1674 1701 1726 1740 1751 1758 1756 1750
654 621 584 565 562 560 565 579 591 596 599 604 612 621 642 663 672 680 691 704 712 720 734 757 785 808 822 846 872 900 914 920 921 938 959 994 1031 1063 1098 1125 1158 1200 1241 1275 1308 1337 1358 1388 1420 1443 1472 1519 1580 1620 1658 1678 1662 1629 1593 1558 1446 1417 1411 1430 1455 1463 1468 1474 1491 1504 1520 1534 1549 1566 1580 1604 1627 1651 1673 1689 1703 1714 1715 1724 1733 1731 1725 1719
625 590 567 564 564 565 573 580 587 593 594 596 601 618 644 655 667 676 686 701 711 724 750 781 812 843 867 894 927 956 979 988 1005 1032 1073 1102 1121 1144 1174 1206 1245 1279 1308 1339 1368 1390 1407 1425 1477 1525 1575 1613 1652 1693 1736 1749 1720 1677 1639 1630 1667 1620 1568 1527 1527 1557 1554 1540 1533 1548 1567 1586 1603 1616 1630 1649 1662 1673 1681 1687 1692 1695 1697 1694 1693 1688 1682 1684
593 569 568 567 567 571 575 578 582 587 589 593 599 610 635 647 659 672 684 702 717 738 767 797 828 860 891 931 975 1005 1023 1039 1066 1104 1139 1184 1188 1201 1228 1263 1300 1335 1360 1384 1412 1438 1474 1513 1566 1618 1690 1734 1850 1895 1911 1848 1799 1741 1702 1688 1730 1757 1706 1674 1599 1586 1589 1572 1564 1570 1585 1593 1605 1613 1626 1639 1644 1647 1656 1662 1663 1664 1659 1650 1646 1646 1651 1659
576 573 581 574 566 570 573 576 581 582 587 589 599 616 633 645 656 674 691 714 735 756 778 804 842 879 921 964 1000 1032 1051 1071 1108 1149 1199 1254 1262 1256 1267 1293 1335 1367 1400 1436 1487 1531 1563 1599 1656 1739 1819 1863 1909 1936 1937 1910 1882 1827 1758 1742 1754 1820 1809 1765 1707 1656 1622 1594 1581 1582 1586 1587 1589 1594 1597 1603 1601 1604 1612 1622 1620 1616 1614 1617 1625 1641 1657 1664
591 582 587 577 569 569 568 573 576 579 584 588 597 608 625 647 662 680 714 741 766 789 841 868 899 933 980 1012 1044 1069 1092 1116 1144 1187 1252 1327 1334 1331 1322 1339 1384 1418 1453 1507 1560 1594 1653 1718 1780 1830 1865 1889 1920 1946 1964 1946 1921 1887 1842 1810 1803 1861 1861 1827 1783 1744 1711 1633 1612 1596 1582 1581 1583 1587 1583 1582 1583 1584 1588 1593 1598 1604 1615 1629 1647 1674 1682 1685
598 586 581 574 571 570 569 571 572 574 578 585 602 627 654 675 697 727 774 822 852 889 921 947 981 1020 1051 1074 1094 1121 1144 1165 1184 1215 1318 1405 1409 1397 1390 1406 1437 1464 1504 1546 1601 1653 1716 1780 1822 1848 1870 1893 1915 1946 1977 1982 1958 1917 1890 1875 1875 1897 1897 1864 1833 1817 1828 1801 1659 1634 1596 1588 1586 1585 1583 1579 1582 1582 1585 1607 1620 1638 1654 1657 1674 1693 1700 1699
599 589 579 574 571 570 571 572 573 574 578 591 619 653 686 717 760 805 849 890 936 964 994 1026 1050 1077 1100 1121 1140 1170 1203 1228 1252 1274 1445 1450 1470 1461 1458 1471 1488 1517 1548 1585 1623 1692 1742 1784 1814 1833 1854 1869 1884 1903 1983 2017 2021 1951 1988 1960 1935 1917 1895 1863 1839 1829 1822 1824 1753 1702 1658 1635 1612 1596 1582 1577 1579 1585 1599 1614 1642 1674 1696 1714 1712 1715 1723 1721
598 592 586 578 574 573 575 574 576 581 594 625 654 704 750 791 823 861 912 955 992 1021 1051 1075 1094 1117 1142 1165 1193 1221 1266 1299 1350 1435 1487 1516 1530 1524 1522 1526 1551 1571 1595 1618 1653 1687 1727 1766 1791 1812 1833 1844 1861 1933 2006 2065 2091 2092 2073 2038 1998 1958 1887 1865 1836 1819 1809 1807 1807 1751 1708 1665 1640 1625 1604 1592 1587 1604 1628 1643 1668 1710 1741 1759 1757 1757 1760 1760
605 598 594 583 576 578 578 580 595 617 643 680 718 773 818 854 898 934 974 995 1023 1052 1089 1107 1130 1159 1194 1220 1245 1278 1341 1394 1466 1506 1536 1574 1603 1601 1580 1586 1602 1613 1633 1656 1683 1698 1718 1744 1766 1786 1801 1826 1877 1944 2022 2092 2137 2156 2146 2111 2070 2024 1964 1877 1845 1822 1807 1798 1799 1786 1755 1719 1691 1663 1646 1633 1630 1640 1657 1697 1706 1737 1770 1800 1823 1824 1814 1803
613 602 599 592 582 579 578 592 622 653 682 725 769 819 854 912 966 993 1008 1027 1059 1084 1117 1151 1190 1219 1245 1270 1324 1384 1436 1473 1502 1540 1574 1614 1638 1654 1653 1643 1641 1656 1672 1680 1694 1706 1724 1741 1751 1766 1785 1801 1884 1951 2018 2083 2137 2176 2190 2175 2148 2106 2043 1899 1876 1847 1836 1831 1828 1817 1793 1786 1761 1736 1722 1868 1702 1725 1733 1764 1782 1801 1821 1839 1871 1885 1881 1843
619 609 600 592 581 579 586 613 643 685 720 755 796 855 913 969 991 1010 1041 1081 1116 1142 1170 1201 1236 1280 1333 1397 1435 1446 1466 1493 1524 1564 1599 1632 1659 1682 1675 1668 1677 1688 1702 1706 1708 1716 1727 1737 1751 1768 1787 1844 1897 1951 2003 2058 2115 2172 2215 2230 2250 2210 2170 2018 1913 1898 1891 1876 1869 1858 1853 1855 1857 1854 1860 1871 1856 1841 1860 1859 1845 1856 1860 1883 1916 1970 1996 2018
619 608 601 593 582 581 598 626 661 707 750 812 874 930 971 1004 1020 1041 1083 1124 1156 1192 1197 1282 1335 1365 1395 1424 1448 1466 1492 1516 1548 1589 1623 1646 1675 1697 1702 1688 1683 1692 1705 1717 1726 1735 1735 1741 1756 1824 1856 1892 1932 1970 2012 2061 2120 2184 2247 2285 2277 2271 2223 2160 2069 2022 1944 1927 1917 1909 1902 1895 1880 1868 1872 1878 1876 1881 1905 1909 1910 1912 1910 1932 1947 1972 1996 2031
619 609 599 594 589 594 620 650 701 746 802 879 923 953 985 1017 1041 1075 1110 1148 1184 1237 1287 1351 1377 1392 1417 1438 1463 1485 1513 1537 1568 1602 1632 1654 1681 1710 1724 1716 1714 1733 1740 1745 1752 1759 1840 1861 1886 1913 1940 1968 1998 2029 2066 2112 2166 2230 2295 2375 2361 2332 2262 2194 2162 2108 2066 2027 1940 1937 1931 1918 1901 1882 1878 1887 1893 1913 1937 1955 1961 1964 1962 1975 1983 1998 2022 2043
612 606 598 590 598 619 655 704 758 805 854 934 968 988 1019 1052 1086 1111 1152 1200 1273 1302 1324 1352 1381 1402 1420 1445 1468 1495 1517 1539 1569 1610 1635 1658 1686 1721 1753 1768 1786 1815 1817 1865 1896 1926 1957 1984 2008 2026 2039 2055 2081 2113 2152 2191 2232 2281 2383 2397 2427 2400 2329 2246 2228 2191 2155 2115 2067 2018 1948 1939 1921 1911 1951 1964 1972 1933 1960 1973 1988 1998 2009 2018 2036 2032 2041 2054
609 605 599 595 610 653 696 739 798 840 892 952 994 1034 1063 1087 1118 1154 1203 1271 1300 1322 1350 1365 1386 1411 1435 1461 1481 1502 1524 1553 1587 1622 1646 1670 1694 1728 1776 1806 1837 1865 1917 2007 2057 2030 2074 2114 2142 2150 2142 2139 2158 2195 2292 2284 2289 2314 2328 2395 2441 2460 2370 2321 2290 2267 2241 2204 2152 2095 2051 2029 2022 2024 2035 2050 2065 2078 2119 2063 2037 2025 2029 2047 2058 2057 2067 2094
614 605 601 594 606 659 702 750 812 865 919 975 1028 1067 1093 1132 1169 1197 1237 1278 1306 1323 1338 1366 1389 1413 1440 1463 1484 1509 1535 1560 1587 1622 1651 1676 1701 1752 1794 1830 1862 1897 1917 1958 2015 2122 2217 2298 2317 2301 2231 2208 2213 2281 2301 2332 2323 2324 2347 2391 2426 2429 2389 2351 2338 2334 2320 2286 2229 2168 2124 2107 2106 2143 2119 2138 2161 2180 2205 2178 2144 2105 2069 2061 2076 2081 2094 2114
605 598 593 599 613 659 704 753 817 871 944 1007 1042 1077 1118 1196 1224 1239 1255 1275 1300 1315 1338 1367 1398 1426 1452 1483 1512 1537 1561 1584 1601 1627 1659 1684 1716 1757 1793 1831 1863 1900 1934 1966 2018 2066 2156 2263 2314 2308 2283 2239 2222 2256 2295 2337 2361 2360 2365 2398 2413 2435 2404 2374 2371 2385 2389 2360 2301 2234 2187 2168 2194 2173 2174 2216 2285 2260 2322 2300 2185 2147 2131 2139 2141 2147 2169 2181
602 596 597 603 615 648 713 756 831 886 957 1019 1057 1101 1156 1202 1228 1237 1247 1255 1276 1292 1332 1405 1447 1469 1482 1512 1542 1557 1567 1585 1622 1648 1664 1678 1708 1751 1787 1817 1867 1904 1929 1955 1990 2028 2093 2179 2266 2315 2308 2270 2238 2255 2284 2324 2367 2398 2406 2426 2463 2471 2441 2404 2395 2415 2434 2419 2365 2296 2239 2201 2204 2202 2215 2230 2259 2305 2340 2372 2363 2230 2202 2187 2185 2184 2187 2188
598 599 603 607 619 659 717 770 845 917 974 1035 1088 1125 1153 1188 1214 1228 1240 1252 1261 1283 1365 1416 1440 1461 1483 1510 1534 1542 1558 1579 1603 1624 1639 1655 1682 1727 1764 1794 1832 1862 1888 1923 1958 1994 2038 2113 2178 2262 2308 2317 2294 2277 2287 2318 2357 2402 2450 2481 2515 2544 2485 2439 2418 2429 2447 2443 2404 2343 2282 2215 2219 2237 2256 2248 2259 2289 2312 2348 2368 2327 2288 2236 2221 2205 2202 2196
599 601 605 614 627 670 732 778 860 910 978 1071 1097 1117 1138 1164 1185 1193 1211 1230 1243 1280 1359 1398 1413 1445 1477 1493 1500 1513 1533 1557 1575 1594 1619 1640 1660 1687 1723 1763 1799 1831 1869 1897 1936 1958 1990 2040 2114 2193 2256 2301 2322 2311 2303 2322 2352 2375 2410 2437 2469 2513 2545 2456 2430 2424 2427 2421 2398 2361 2313 2275 2266 2284 2280 2278 2280 2277 2289 2318 2364 2352 2319 2281 2254 2234 2223 2211
602 604 605 608 632 675 716 733 858 948 1066 1080 1103 1106 1110 1123 1144 1160 1178 1207 1221 1250 1331 1384 1414 1440 1450 1459 1472 1486 1500 1524 1546 1566 1593 1620 1645 1662 1691 1729 1766 1806 1842 1871 1894 1914 1942 1993 2034 2110 2184 2240 2295 2330 2345 2362 2381 2407 2437 2469 2454 2484 2469 2437 2411 2394 2383 2372 2360 2344 2319 2294 2288 2302 2288 2279 2276 2327 2358 2393 2417 2414 2323 2321 2317 2281 2260 2241
604 606 604 605 620 654 706 731 919 984 1038 1066 1079 1081 1083 1095 1112 1124 1156 1186 1200 1220 1318 1355 1396 1412 1421 1430 1440 1454 1470 1489 1512 1532 1563 1598 1639 1661 1689 1708 1733 1763 1794 1822 1845 1875 1902 1939 1983 2023 2104 2192 2243 2302 2346 2379 2396 2423 2452 2479 2497 2462 2431 2399 2375 2355 2340 2330 2322 2317 2306 2293 2292 2296 2286 2278 2332 2379 2426 2464 2487 2485 2454 2411 2375 2348 2328 2310
