input_cg/SRTM90m_Clipped.txt
ncols        1266
nrows        606
xllcorner    7.561365043000
yllcorner    46.446718492000
cellsize           0.000833379736
NODATA_value  0
[rows 156 to 194 of 606, columns 528 to 615 of 1266]
1300 1314 1331 1346 1363 1374 1382 1387 1387 1385 1386 1384 1377 1370 1360 1345 1332 1322 1309 1300 1289 1281 1267 1256 1248 1236 1229 1221 1209 1200 1198 1199 1192 1184 1176 1168 1166 1167 1163 1156 1157 1160 1168 1174 1176 1179 1184 1195 1203 1216 1229 1237 1239 1237 1244 1256 1262 1276 1300 1320 1344 1375 1402 1419 1441 1453 1466 1474 1493 1512 1531 1543 1553 1559 1566 1571 1574 1581 1595 1602 1613 1631 1631 1612 1593 1580 1570 1562
1326 1348 1364 1371 1378 1387 1396 1400 1397 1393 1395 1396 1388 1381 1374 1358 1348 1346 1332 1318 1309 1296 1281 1271 1265 1251 1241 1229 1221 1220 1221 1223 1221 1219 1211 1200 1190 1185 1177 1170 1163 1159 1165 1170 1173 1176 1179 1183 1189 1201 1208 1215 1219 1220 1225 1231 1239 1258 1285 1317 1344 1363 1385 1401 1417 1428 1443 1460 1479 1493 1505 1517 1525 1531 1534 1540 1547 1561 1579 1585 1593 1601 1599 1589 1571 1556 1549 1543
1354 1373 1383 1382 1383 1390 1401 1406 1405 1399 1399 1400 1394 1388 1379 1366 1362 1357 1340 1328 1325 1322 1309 1295 1280 1273 1255 1245 1244 1248 1254 1253 1246 1244 1241 1233 1225 1208 1196 1190 1184 1174 1166 1164 1166 1167 1171 1172 1177 1188 1193 1199 1200 1204 1211 1215 1223 1242 1265 1302 1334 1353 1369 1380 1392 1409 1425 1436 1449 1462 1472 1482 1497 1505 1514 1516 1521 1536 1550 1558 1573 1577 1569 1561 1545 1537 1530 1523
1370 1379 1381 1380 1385 1392 1399 1409 1411 1405 1403 1403 1395 1385 1379 1373 1371 1364 1348 1344 1350 1345 1328 1314 1305 1289 1273 1266 1271 1274 1280 1280 1276 1268 1266 1262 1253 1240 1226 1215 1208 1200 1193 1179 1168 1162 1163 1167 1173 1181 1184 1188 1188 1188 1190 1196 1209 1229 1256 1282 1308 1330 1345 1360 1379 1395 1402 1407 1419 1435 1443 1454 1468 1474 1479 1487 1493 1505 1517 1525 1534 1539 1537 1529 1519 1514 1510 1505
1368 1371 1373 1380 1390 1399 1404 1416 1414 1409 1409 1405 1393 1388 1387 1384 1380 1374 1367 1363 1356 1350 1335 1326 1328 1310 1290 1294 1292 1299 1305 1303 1300 1290 1284 1278 1273 1268 1259 1248 1233 1224 1212 1200 1183 1172 1168 1163 1166 1170 1174 1177 1179 1180 1183 1187 1195 1214 1243 1268 1284 1298 1312 1326 1352 1368 1376 1381 1392 1405 1415 1425 1439 1448 1458 1464 1472 1488 1496 1501 1504 1505 1502 1500 1496 1493 1497 1503
1365 1366 1373 1384 1398 1407 1415 1419 1416 1416 1419 1412 1398 1395 1395 1392 1385 1377 1371 1366 1357 1351 1349 1361 1351 1323 1310 1321 1327 1330 1327 1323 1321 1316 1311 1302 1289 1287 1282 1275 1262 1256 1237 1220 1206 1196 1184 1168 1163 1165 1167 1171 1175 1175 1175 1179 1188 1203 1227 1251 1268 1278 1286 1302 1323 1341 1350 1356 1366 1382 1402 1413 1430 1440 1447 1459 1466 1473 1482 1487 1486 1485 1482 1487 1491 1495 1501 1505
1368 1370 1374 1385 1400 1412 1421 1424 1424 1427 1435 1428 1417 1416 1408 1397 1388 1386 1380 1377 1377 1380 1381 1375 1356 1335 1341 1345 1349 1349 1347 1342 1335 1328 1325 1318 1306 1304 1301 1290 1280 1271 1255 1239 1226 1219 1202 1183 1171 1168 1169 1171 1176 1179 1178 1178 1183 1193 1207 1226 1243 1257 1273 1287 1301 1313 1320 1329 1348 1372 1391 1403 1418 1432 1440 1449 1457 1459 1462 1466 1467 1473 1478 1485 1490 1493 1498 1499
1374 1375 1379 1390 1402 1415 1429 1439 1440 1442 1444 1438 1435 1430 1425 1416 1405 1394 1396 1396 1400 1399 1395 1382 1366 1370 1371 1364 1362 1358 1359 1355 1352 1347 1335 1327 1319 1315 1313 1306 1303 1290 1272 1262 1252 1238 1225 1206 1192 1181 1176 1174 1181 1185 1189 1187 1188 1190 1196 1209 1221 1237 1252 1267 1279 1289 1294 1305 1332 1356 1369 1380 1394 1411 1419 1428 1438 1445 1455 1463 1470 1476 1474 1469 1476 1486 1495 1493
1380 1380 1385 1400 1415 1430 1447 1456 1451 1447 1448 1447 1443 1436 1427 1422 1416 1406 1411 1415 1414 1411 1408 1397 1390 1388 1383 1380 1370 1366 1369 1367 1367 1354 1345 1334 1326 1320 1318 1313 1307 1300 1295 1286 1275 1261 1247 1237 1226 1214 1202 1197 1197 1194 1194 1191 1194 1195 1198 1198 1204 1213 1221 1229 1242 1255 1262 1287 1313 1327 1337 1356 1371 1386 1397 1412 1428 1439 1446 1457 1465 1465 1457 1448 1450 1462 1477 1487
1383 1386 1394 1410 1429 1449 1462 1462 1458 1448 1448 1448 1445 1440 1434 1426 1418 1416 1422 1424 1418 1416 1413 1409 1402 1406 1403 1395 1390 1390 1386 1384 1373 1358 1349 1338 1327 1323 1321 1318 1317 1311 1303 1296 1291 1284 1278 1262 1252 1248 1234 1222 1211 1204 1201 1204 1211 1213 1211 1206 1206 1206 1206 1210 1216 1225 1240 1262 1278 1288 1304 1324 1340 1363 1374 1385 1396 1402 1412 1426 1435 1438 1432 1424 1425 1436 1453 1477
1382 1389 1403 1426 1444 1458 1460 1461 1459 1448 1447 1447 1449 1452 1453 1443 1440 1430 1429 1429 1430 1428 1419 1414 1413 1417 1423 1418 1410 1407 1403 1394 1383 1368 1357 1347 1337 1332 1327 1327 1321 1319 1319 1309 1306 1310 1309 1299 1281 1269 1256 1240 1227 1223 1219 1215 1216 1218 1215 1216 1218 1215 1214 1216 1218 1225 1228 1237 1252 1261 1276 1282 1294 1319 1339 1345 1354 1365 1378 1390 1402 1411 1415 1416 1415 1414 1427 1443
1386 1396 1410 1426 1437 1443 1443 1449 1450 1443 1444 1450 1458 1466 1468 1464 1458 1446 1440 1442 1439 1429 1428 1430 1430 1429 1433 1438 1432 1422 1419 1416 1403 1387 1376 1364 1349 1339 1335 1340 1339 1337 1335 1327 1323 1319 1313 1301 1292 1285 1270 1258 1250 1245 1237 1220 1215 1215 1216 1220 1221 1215 1215 1216 1216 1225 1232 1233 1236 1238 1244 1259 1275 1286 1295 1306 1327 1341 1349 1358 1376 1391 1393 1398 1398 1396 1402 1412
1394 1404 1416 1431 1440 1448 1451 1454 1456 1455 1462 1465 1467 1470 1471 1466 1459 1460 1458 1455 1449 1444 1443 1453 1453 1447 1441 1446 1451 1443 1427 1424 1419 1407 1393 1382 1365 1353 1348 1357 1361 1354 1343 1340 1334 1323 1308 1298 1296 1293 1281 1273 1273 1270 1255 1232 1219 1215 1219 1223 1224 1221 1218 1217 1219 1230 1237 1240 1243 1234 1236 1243 1256 1262 1274 1289 1306 1319 1327 1335 1346 1363 1369 1375 1383 1380 1370 1369
1394 1406 1421 1432 1448 1461 1472 1478 1480 1481 1477 1471 1467 1470 1476 1479 1479 1477 1471 1461 1454 1462 1472 1478 1476 1468 1456 1455 1457 1456 1442 1433 1425 1416 1404 1396 1387 1380 1377 1383 1384 1372 1357 1352 1343 1334 1324 1316 1304 1300 1298 1286 1281 1283 1268 1247 1236 1225 1225 1226 1225 1224 1222 1220 1221 1226 1236 1238 1246 1237 1230 1231 1240 1254 1269 1279 1292 1300 1310 1317 1331 1344 1354 1361 1363 1355 1344 1339
1401 1419 1433 1439 1454 1460 1466 1470 1471 1468 1463 1463 1466 1479 1488 1496 1494 1488 1480 1476 1480 1490 1491 1494 1495 1492 1483 1474 1467 1464 1458 1448 1440 1432 1424 1413 1397 1394 1397 1399 1398 1387 1376 1364 1356 1346 1341 1330 1325 1320 1313 1292 1290 1288 1273 1266 1261 1249 1234 1231 1231 1229 1224 1224 1226 1231 1238 1241 1244 1240 1235 1243 1248 1249 1257 1264 1270 1282 1292 1299 1311 1325 1330 1336 1330 1321 1317 1316
1401 1421 1428 1436 1446 1454 1459 1460 1461 1460 1461 1470 1482 1494 1499 1499 1500 1504 1500 1500 1498 1500 1506 1507 1507 1505 1498 1486 1475 1470 1468 1463 1453 1448 1447 1428 1409 1408 1406 1401 1395 1386 1380 1375 1369 1360 1349 1337 1337 1332 1325 1308 1306 1294 1282 1274 1273 1266 1252 1246 1243 1234 1232 1234 1238 1247 1246 1241 1242 1241 1245 1249 1255 1260 1257 1254 1256 1262 1268 1273 1285 1298 1302 1300 1295 1298 1300 1310
1392 1410 1425 1436 1443 1448 1452 1457 1463 1467 1468 1478 1494 1501 1505 1507 1514 1520 1523 1523 1516 1518 1526 1522 1516 1514 1506 1498 1487 1487 1485 1480 1467 1459 1456 1433 1420 1415 1410 1402 1393 1384 1381 1381 1376 1370 1353 1344 1342 1344 1344 1331 1325 1311 1296 1279 1276 1270 1263 1264 1259 1253 1256 1259 1268 1263 1248 1239 1241 1243 1246 1249 1256 1258 1262 1260 1255 1254 1257 1263 1268 1272 1275 1277 1282 1289 1296 1299
1394 1416 1436 1446 1446 1447 1452 1459 1466 1473 1477 1483 1497 1501 1511 1523 1539 1547 1552 1551 1554 1557 1551 1536 1524 1521 1518 1512 1509 1505 1498 1491 1484 1478 1458 1435 1426 1422 1410 1405 1396 1385 1385 1382 1378 1374 1363 1356 1358 1360 1359 1350 1335 1321 1313 1285 1279 1278 1275 1278 1283 1287 1288 1290 1275 1256 1250 1243 1246 1250 1254 1256 1261 1265 1267 1270 1275 1269 1264 1266 1266 1267 1273 1279 1285 1295 1297 1301
1400 1418 1432 1444 1450 1450 1455 1459 1469 1478 1483 1488 1497 1503 1512 1524 1548 1583 1611 1604 1592 1576 1564 1550 1542 1534 1532 1530 1518 1503 1496 1492 1490 1486 1465 1442 1439 1430 1415 1410 1396 1389 1385 1385 1384 1380 1371 1374 1375 1368 1363 1358 1338 1321 1312 1295 1289 1289 1290 1290 1296 1306 1314 1307 1295 1277 1278 1267 1258 1260 1265 1270 1275 1274 1279 1286 1290 1294 1287 1278 1273 1287 1305 1311 1312 1312 1316 1327
1403 1422 1436 1446 1452 1454 1457 1462 1468 1480 1488 1489 1491 1499 1507 1521 1556 1596 1638 1640 1618 1602 1589 1586 1580 1562 1546 1540 1530 1514 1500 1490 1491 1486 1469 1459 1449 1432 1418 1410 1400 1397 1394 1390 1392 1393 1386 1388 1390 1380 1367 1358 1335 1322 1311 1305 1306 1308 1303 1303 1311 1325 1338 1336 1328 1317 1313 1298 1280 1277 1279 1283 1293 1294 1293 1294 1300 1302 1295 1293 1299 1322 1339 1352 1352 1351 1356 1360
1399 1416 1439 1447 1450 1456 1461 1467 1474 1487 1493 1488 1485 1488 1500 1519 1559 1588 1620 1644 1656 1639 1616 1599 1582 1570 1559 1550 1544 1527 1514 1500 1497 1488 1478 1467 1454 1435 1425 1418 1412 1410 1404 1398 1402 1400 1405 1408 1409 1401 1379 1369 1348 1318 1315 1321 1324 1326 1320 1325 1329 1344 1358 1368 1362 1357 1349 1333 1318 1306 1301 1308 1313 1305 1305 1306 1309 1310 1310 1315 1323 1346 1369 1386 1400 1403 1398 1395
1404 1415 1430 1444 1453 1459 1463 1469 1476 1488 1491 1489 1487 1488 1494 1525 1550 1572 1591 1621 1646 1644 1617 1594 1583 1568 1551 1541 1534 1521 1512 1509 1502 1497 1482 1465 1457 1442 1432 1429 1422 1416 1405 1404 1413 1421 1418 1419 1419 1410 1390 1378 1350 1329 1335 1343 1349 1349 1350 1343 1355 1374 1392 1416 1419 1411 1399 1387 1378 1359 1342 1340 1342 1338 1334 1328 1328 1329 1335 1351 1360 1375 1394 1410 1430 1438 1439 1438
1411 1433 1444 1446 1450 1458 1461 1467 1476 1487 1493 1491 1488 1495 1511 1532 1543 1558 1572 1594 1624 1636 1611 1590 1580 1567 1556 1535 1522 1512 1511 1507 1499 1487 1474 1458 1450 1448 1438 1433 1428 1423 1418 1417 1423 1430 1427 1422 1418 1403 1384 1363 1343 1346 1357 1364 1368 1365 1371 1373 1388 1413 1446 1472 1493 1497 1475 1459 1450 1441 1430 1405 1394 1396 1385 1374 1363 1357 1362 1378 1403 1417 1437 1448 1453 1461 1479 1487
1402 1426 1447 1453 1457 1456 1460 1470 1480 1491 1496 1495 1493 1500 1516 1527 1531 1547 1564 1584 1610 1620 1603 1589 1577 1561 1552 1538 1531 1527 1520 1506 1494 1479 1468 1458 1455 1457 1452 1441 1440 1434 1425 1424 1428 1433 1431 1422 1415 1406 1398 1381 1367 1368 1378 1392 1400 1397 1397 1407 1431 1459 1502 1534 1570 1583 1585 1571 1548 1524 1497 1476 1466 1454 1433 1418 1410 1416 1413 1433 1453 1467 1467 1467 1474 1489 1516 1534
1383 1408 1431 1446 1456 1461 1464 1472 1486 1494 1497 1497 1499 1499 1505 1515 1529 1550 1571 1592 1616 1621 1603 1588 1578 1568 1560 1552 1545 1536 1523 1512 1504 1494 1485 1468 1468 1466 1467 1461 1454 1440 1439 1439 1442 1447 1449 1447 1444 1435 1428 1418 1403 1396 1402 1419 1425 1426 1434 1460 1492 1536 1568 1605 1650 1667 1664 1649 1602 1558 1533 1527 1520 1509 1475 1457 1452 1456 1453 1454 1460 1470 1477 1486 1495 1524 1548 1581
1380 1397 1416 1426 1439 1455 1464 1477 1490 1496 1500 1503 1504 1506 1512 1517 1534 1557 1579 1598 1620 1644 1644 1612 1594 1573 1565 1555 1542 1527 1516 1509 1505 1500 1495 1489 1490 1489 1486 1479 1471 1468 1466 1477 1479 1482 1488 1500 1508 1496 1489 1478 1461 1451 1444 1451 1454 1461 1478 1503 1537 1582 1626 1668 1703 1726 1723 1686 1629 1603 1586 1574 1562 1549 1521 1504 1494 1484 1480 1480 1497 1502 1509 1517 1535 1560 1593 1633
1380 1388 1396 1407 1421 1442 1460 1477 1486 1498 1501 1507 1507 1512 1522 1529 1545 1567 1580 1599 1637 1663 1667 1639 1606 1579 1564 1551 1531 1520 1514 1511 1505 1504 1507 1511 1511 1511 1510 1503 1499 1502 1510 1523 1532 1533 1548 1566 1578 1562 1557 1554 1528 1516 1508 1507 1502 1507 1516 1536 1579 1622 1672 1722 1754 1763 1743 1694 1656 1648 1639 1620 1602 1591 1573 1544 1534 1525 1522 1520 1531 1537 1544 1555 1574 1600 1643 1690
1391 1396 1397 1401 1416 1438 1458 1476 1489 1501 1507 1514 1514 1519 1528 1541 1554 1569 1589 1612 1638 1656 1647 1619 1593 1575 1555 1544 1535 1537 1531 1529 1528 1529 1534 1536 1537 1541 1543 1539 1539 1557 1573 1600 1620 1625 1630 1640 1648 1636 1626 1621 1621 1607 1613 1601 1549 1546 1555 1560 1597 1648 1689 1741 1792 1784 1752 1734 1720 1706 1691 1672 1651 1633 1618 1592 1577 1577 1569 1567 1570 1582 1587 1599 1617 1650 1696 1732
1393 1402 1401 1406 1423 1441 1460 1480 1492 1504 1513 1520 1523 1528 1535 1546 1558 1568 1587 1607 1626 1638 1630 1607 1585 1576 1564 1562 1561 1561 1567 1575 1581 1577 1577 1572 1570 1581 1583 1591 1614 1640 1672 1715 1728 1695 1689 1697 1712 1702 1702 1707 1704 1684 1680 1647 1597 1590 1595 1588 1617 1655 1704 1751 1796 1811 1808 1808 1796 1765 1748 1726 1705 1684 1669 1649 1628 1624 1626 1629 1626 1629 1633 1653 1674 1702 1750 1795
1400 1406 1406 1413 1428 1450 1465 1480 1490 1500 1509 1519 1521 1523 1533 1542 1552 1570 1591 1608 1622 1631 1620 1609 1604 1601 1597 1601 1602 1609 1618 1624 1630 1630 1627 1618 1623 1632 1638 1672 1707 1729 1759 1779 1770 1740 1739 1757 1764 1766 1774 1780 1777 1761 1724 1672 1628 1625 1633 1628 1646 1673 1716 1754 1806 1856 1866 1846 1823 1803 1791 1784 1767 1751 1730 1702 1689 1684 1678 1677 1674 1674 1684 1710 1731 1764 1806 1846
1405 1407 1413 1420 1438 1461 1468 1469 1473 1484 1491 1503 1510 1521 1532 1549 1566 1589 1611 1633 1647 1650 1639 1635 1638 1642 1647 1653 1653 1657 1666 1679 1682 1689 1690 1691 1699 1697 1707 1746 1792 1806 1819 1830 1814 1793 1808 1827 1840 1854 1876 1884 1839 1783 1723 1695 1676 1670 1688 1687 1697 1730 1761 1797 1843 1873 1883 1879 1861 1845 1839 1835 1825 1793 1771 1727 1709 1700 1694 1702 1712 1723 1740 1766 1797 1847 1883 1945
1398 1403 1419 1431 1446 1453 1456 1464 1477 1488 1505 1514 1518 1529 1546 1556 1570 1595 1629 1659 1678 1686 1682 1680 1679 1688 1699 1713 1708 1713 1720 1730 1739 1745 1753 1766 1781 1763 1783 1823 1857 1884 1891 1880 1865 1858 1879 1901 1925 1941 1944 1913 1827 1773 1735 1726 1721 1722 1726 1741 1764 1801 1827 1860 1889 1921 1940 1933 1919 1906 1899 1896 1878 1838 1799 1759 1744 1738 1740 1765 1789 1817 1838 1863 1882 1933 1976 2002
1402 1407 1418 1431 1438 1450 1467 1484 1497 1510 1518 1525 1535 1542 1551 1565 1584 1609 1644 1676 1701 1724 1728 1732 1737 1739 1753 1766 1771 1783 1787 1801 1803 1807 1820 1836 1849 1836 1842 1884 1921 1951 1968 1943 1934 1942 1960 1987 2002 1978 1920 1854 1802 1778 1763 1758 1764 1763 1774 1800 1830 1854 1895 1921 1951 1984 1996 1983 1967 1966 1961 1955 1930 1882 1835 1797 1801 1799 1827 1843 1871 1888 1900 1929 1970 2011 2013 1991
1403 1408 1415 1434 1457 1477 1486 1494 1509 1523 1528 1533 1547 1557 1567 1580 1601 1625 1652 1686 1723 1759 1787 1804 1818 1823 1828 1835 1847 1845 1847 1854 1860 1867 1886 1898 1908 1894 1898 1928 1978 2007 2013 1993 1989 2007 2036 2042 2009 1958 1891 1865 1844 1826 1830 1839 1848 1832 1843 1860 1902 1923 1958 1995 2026 2044 2056 2047 2027 2023 2015 2003 1979 1945 1890 1864 1876 1891 1896 1898 1905 1908 1937 1978 2021 2054 2038 2013
1407 1421 1438 1451 1470 1484 1490 1500 1511 1520 1530 1540 1550 1564 1583 1604 1629 1656 1679 1706 1747 1796 1843 1870 1899 1915 1915 1910 1904 1905 1908 1909 1917 1930 1946 1960 1973 1953 1958 1985 2020 2054 2062 2043 2045 2068 2069 2028 1974 1940 1928 1909 1919 1916 1897 1887 1903 1911 1912 1944 1966 1996 2024 2058 2087 2087 2071 2047 2023 2005 1990 1978 1969 1958 1936 1916 1914 1909 1899 1898 1897 1912 1942 1999 2041 2097 2100 2073
1427 1439 1464 1473 1481 1487 1489 1499 1514 1527 1541 1555 1567 1584 1605 1635 1659 1687 1708 1753 1799 1846 1890 1929 1960 1977 1973 1964 1965 1977 1985 1989 2000 2009 2019 2040 2044 2021 2015 2037 2057 2090 2121 2118 2095 2085 2046 2013 1995 1991 1982 1971 1973 1974 1964 1965 1976 1976 1984 1997 2014 2044 2076 2093 2077 2057 2032 2012 1998 1981 1974 1966 1959 1957 1944 1921 1902 1897 1895 1900 1903 1920 1948 2011 2061 2123 2140 2110
1454 1455 1467 1478 1490 1497 1496 1508 1524 1543 1563 1581 1600 1619 1638 1666 1700 1728 1760 1809 1852 1899 1939 1977 2005 2018 2013 2015 2026 2058 2072 2070 2083 2100 2120 2106 2120 2069 2073 2076 2085 2145 2163 2139 2110 2087 2058 2043 2035 2033 2022 2017 2018 2011 2016 2030 2040 2036 2052 2064 2078 2098 2095 2082 2061 2035 2012 1997 1982 1967 1959 1954 1948 1938 1918 1897 1895 1896 1905 1923 1938 1956 1986 2048 2120 2164 2187 2140
1487 1486 1492 1502 1517 1528 1532 1543 1559 1586 1605 1624 1650 1665 1685 1716 1757 1794 1834 1870 1904 1936 1969 1998 2031 2055 2060 2070 2099 2131 2146 2150 2185 2188 2189 2192 2195 2206 2235 2255 2270 2230 2212 2175 2146 2121 2095 2082 2080 2071 2062 2058 2051 2052 2067 2077 2095 2105 2112 2121 2132 2117 2098 2070 2050 2031 2008 1989 1974 1968 1963 1952 1935 1914 1899 1895 1899 1914 1939 1974 2003 2043 2079 2146 2178 2175 2156 2135
1528 1532 1536 1548 1563 1574 1579 1600 1627 1642 1659 1682 1709 1736 1774 1811 1848 1890 1928 1952 1976 1999 2029 2058 2078 2084 2106 2117 2139 2145 2129 2142 2167 2168 2158 2157 2169 2188 2218 2245 2267 2286 2261 2231 2199 2163 2133 2119 2113 2107 2104 2099 2097 2105 2113 2130 2157 2172 2175 2174 2144 2119 2097 2076 2057 2044 2022 2005 1993 1974 1951 1940 1928 1912 1912 1911 1932 1976 2016 2056 2106 2142 2162 2182 2148 2118 2097 2077
