input_cg/SRTM90m_Clipped.txt
ncols        1266
nrows        606
xllcorner    7.561365043000
yllcorner    46.446718492000
cellsize           0.000833379736
NODATA_value  0
[rows 429 to 467 of 606, columns 264 to 351 of 1266]
1912 1906 1908 1905 1898 1901 1902 1898 1895 1887 1878 1869 1863 1863 1866 1873 1887 1897 1914 1912 1910 1904 1897 1892 1889 1877 1870 1886 1910 1968 2043 2119 2210 2232 2271 2311 2350 2394 2452 2502 2585 2654 2703 2709 2677 2645 2621 2595 2572 2552 2535 2514 2495 2478 2457 2438 2426 2427 2429 2436 2434 2432 2427 2414 2399 2380 2369 2361 2355 2356 2335 2317 2310 2325 2326 2319 2301 2258 2207 2165 2128 2096 2061 2038 1995 1956 1929 1895
1963 1948 1940 1931 1923 1923 1925 1922 1912 1910 1919 1911 1902 1906 1904 1908 1916 1927 1938 1941 1933 1924 1926 1931 1931 1923 1947 1956 1982 2035 2143 2159 2219 2251 2308 2353 2379 2424 2489 2555 2640 2693 2734 2737 2702 2667 2642 2615 2586 2570 2553 2525 2503 2481 2460 2446 2448 2454 2449 2448 2446 2441 2433 2422 2408 2399 2395 2400 2411 2409 2391 2380 2364 2349 2341 2335 2304 2257 2219 2192 2168 2089 2073 2047 2022 1985 1909 1873
1996 1981 1970 1957 1949 1941 1940 1936 1936 1945 1950 1949 1945 1938 1933 1935 1942 1952 1957 1955 1958 1957 1969 1975 1988 2012 2023 2042 2072 2118 2164 2194 2246 2298 2349 2391 2430 2490 2564 2636 2691 2725 2738 2736 2714 2682 2657 2646 2631 2605 2578 2544 2515 2491 2470 2465 2464 2463 2460 2460 2452 2449 2439 2435 2423 2431 2434 2447 2459 2453 2421 2412 2408 2395 2386 2376 2345 2317 2341 2353 2335 2141 2112 2095 2053 2005 1895 1851
1998 1999 1993 1991 1975 1967 1960 1960 1973 1977 1976 1978 1980 1971 1961 1968 1977 1983 1984 1987 1991 2006 2021 2029 2044 2057 2082 2139 2173 2213 2246 2261 2281 2344 2389 2437 2502 2588 2645 2671 2673 2676 2682 2681 2678 2671 2668 2671 2665 2642 2612 2577 2543 2515 2493 2478 2470 2468 2463 2464 2461 2458 2457 2452 2455 2466 2470 2483 2488 2473 2442 2429 2437 2448 2440 2426 2416 2418 2418 2371 2277 2182 2132 2095 2034 1945 1868 1835
1981 2000 2014 2018 2003 1988 1978 1983 1992 1997 1998 1996 1995 1998 2003 2002 2011 2024 2025 2033 2045 2057 2075 2088 2094 2153 2174 2197 2279 2312 2334 2318 2340 2373 2420 2487 2565 2615 2630 2621 2616 2618 2620 2626 2633 2642 2659 2676 2676 2651 2621 2587 2563 2542 2518 2491 2480 2471 2471 2478 2479 2478 2477 2475 2477 2476 2479 2481 2475 2461 2452 2459 2473 2480 2470 2468 2462 2429 2330 2290 2231 2169 2126 2064 1973 1910 1878 1843
1969 1990 2012 2028 2025 2011 2000 2003 2008 2016 2020 2016 2013 2022 2036 2043 2055 2071 2073 2082 2086 2097 2111 2111 2265 2300 2260 2377 2385 2398 2416 2427 2427 2438 2479 2536 2570 2573 2563 2557 2557 2561 2569 2583 2604 2629 2660 2693 2695 2668 2636 2608 2584 2564 2539 2516 2500 2488 2492 2506 2500 2490 2485 2487 2488 2479 2472 2468 2459 2455 2459 2453 2467 2480 2474 2452 2414 2317 2273 2236 2181 2136 2111 1977 1924 1902 1887 1869
1963 1986 2003 2023 2039 2046 2036 2030 2034 2043 2041 2040 2048 2063 2078 2094 2103 2103 2101 2104 2245 2285 2400 2401 2414 2407 2486 2448 2438 2452 2466 2483 2511 2518 2530 2530 2522 2508 2505 2502 2509 2514 2527 2563 2605 2633 2667 2705 2723 2701 2669 2643 2623 2601 2577 2554 2530 2517 2510 2504 2497 2492 2495 2496 2489 2473 2458 2455 2442 2425 2414 2408 2421 2444 2427 2368 2313 2263 2217 2181 2146 2118 2059 1952 1912 1891 1911 1935
1949 1976 1997 2023 2049 2067 2069 2064 2062 2070 2070 2074 2087 2112 2139 2165 2189 2291 2377 2418 2430 2426 2420 2421 2449 2474 2471 2463 2451 2445 2446 2457 2479 2483 2472 2467 2456 2445 2444 2454 2470 2481 2507 2560 2607 2637 2664 2688 2711 2739 2716 2675 2653 2634 2608 2579 2556 2534 2511 2492 2484 2482 2481 2476 2463 2456 2453 2449 2431 2389 2363 2364 2374 2378 2344 2294 2257 2215 2176 2146 2117 2065 1992 1943 1919 1928 1973 1994
1937 1966 1998 2028 2056 2084 2102 2099 2099 2104 2109 2115 2137 2161 2184 2210 2355 2390 2401 2407 2403 2401 2383 2379 2392 2410 2404 2403 2387 2384 2391 2410 2426 2417 2406 2396 2391 2387 2390 2408 2439 2468 2503 2544 2589 2615 2631 2648 2665 2688 2714 2703 2671 2648 2620 2590 2564 2538 2517 2503 2495 2483 2467 2456 2456 2459 2459 2446 2409 2371 2344 2336 2341 2315 2272 2248 2216 2173 2137 2107 2066 2009 1979 1970 1988 2012 2004 1996
1933 1962 1994 2026 2057 2092 2126 2146 2147 2142 2158 2173 2194 2199 2225 2284 2394 2376 2369 2366 2335 2331 2319 2319 2328 2333 2344 2347 2336 2328 2337 2362 2364 2354 2339 2339 2329 2324 2342 2368 2402 2439 2476 2518 2552 2568 2587 2609 2630 2649 2677 2701 2706 2674 2634 2598 2563 2540 2522 2512 2505 2492 2475 2464 2462 2463 2461 2451 2422 2388 2345 2331 2319 2277 2242 2218 2177 2139 2105 2063 2019 1998 2005 2027 2048 2028 2001 1996
1953 1978 2005 2034 2065 2102 2146 2172 2201 2209 2216 2222 2222 2245 2256 2311 2296 2282 2268 2247 2258 2252 2246 2248 2252 2263 2279 2285 2277 2274 2288 2302 2307 2301 2291 2287 2283 2288 2305 2329 2366 2405 2436 2463 2498 2537 2566 2584 2603 2623 2652 2683 2707 2688 2652 2614 2572 2547 2527 2518 2519 2513 2494 2486 2480 2472 2469 2468 2464 2433 2394 2351 2322 2304 2228 2186 2138 2102 2063 2035 2028 2040 2064 2083 2060 2030 2008 2008
1980 2005 2031 2062 2094 2131 2172 2212 2235 2329 2345 2334 2327 2257 2242 2240 2233 2211 2209 2192 2185 2180 2169 2170 2175 2194 2200 2221 2226 2223 2234 2242 2247 2250 2247 2245 2250 2271 2303 2331 2369 2404 2436 2471 2514 2550 2575 2585 2591 2609 2638 2674 2705 2713 2666 2619 2581 2553 2537 2533 2532 2528 2515 2506 2497 2494 2491 2489 2468 2461 2449 2401 2339 2297 2201 2142 2099 2072 2053 2051 2069 2089 2100 2089 2061 2028 2019 2030
1995 2018 2044 2075 2107 2146 2184 2235 2287 2324 2331 2292 2245 2225 2195 2168 2155 2150 2142 2130 2116 2108 2103 2107 2116 2117 2136 2160 2166 2169 2181 2180 2185 2193 2198 2218 2246 2285 2314 2362 2392 2428 2467 2509 2551 2578 2587 2590 2598 2617 2650 2692 2729 2722 2649 2610 2580 2560 2556 2556 2556 2545 2535 2530 2527 2520 2495 2479 2465 2446 2421 2373 2305 2235 2165 2109 2075 2064 2059 2076 2097 2102 2100 2089 2065 2036 2039 2050
2020 2034 2051 2074 2108 2151 2194 2248 2282 2279 2232 2204 2189 2167 2156 2139 2123 2109 2101 2091 2072 2056 2054 2046 2049 2055 2076 2096 2113 2117 2127 2133 2147 2169 2201 2237 2272 2313 2352 2383 2422 2461 2496 2546 2576 2592 2597 2607 2626 2649 2680 2716 2724 2679 2610 2581 2559 2552 2557 2559 2563 2570 2576 2560 2550 2537 2518 2496 2456 2403 2386 2319 2254 2174 2125 2093 2071 2070 2087 2102 2102 2103 2100 2081 2057 2049 2057 2064
2058 2066 2084 2106 2137 2168 2205 2252 2240 2219 2198 2162 2150 2137 2128 2111 2093 2079 2066 2048 2039 2020 2010 2005 2003 2012 2022 2042 2073 2095 2116 2141 2168 2195 2231 2273 2310 2352 2389 2428 2467 2509 2552 2586 2601 2614 2620 2632 2651 2692 2726 2734 2691 2633 2582 2557 2539 2536 2543 2545 2557 2582 2596 2574 2559 2552 2523 2476 2422 2381 2365 2291 2187 2143 2113 2089 2083 2099 2096 2103 2109 2102 2079 2063 2058 2066 2076 2085
2088 2109 2123 2139 2168 2193 2208 2198 2172 2165 2146 2133 2120 2111 2105 2087 2073 2050 2031 2014 1999 1986 1980 1977 1976 1982 1996 2034 2072 2112 2150 2172 2212 2241 2269 2314 2353 2395 2440 2486 2527 2568 2588 2598 2613 2638 2661 2688 2688 2714 2740 2718 2679 2593 2561 2543 2527 2519 2514 2519 2543 2568 2578 2569 2556 2526 2478 2424 2398 2387 2343 2230 2167 2137 2114 2110 2131 2152 2138 2124 2113 2083 2063 2065 2073 2081 2094 2108
2097 2129 2149 2155 2171 2182 2183 2158 2133 2124 2114 2104 2093 2083 2072 2058 2048 2028 1999 1985 1971 1962 1959 1962 1968 1984 2013 2050 2093 2133 2179 2212 2261 2288 2315 2354 2396 2436 2478 2531 2564 2575 2567 2561 2576 2601 2626 2651 2659 2683 2689 2667 2583 2566 2541 2531 2512 2496 2481 2490 2515 2537 2544 2534 2504 2458 2425 2400 2397 2393 2290 2211 2171 2146 2135 2147 2166 2174 2163 2124 2101 2079 2071 2074 2086 2100 2118 2141
2105 2136 2139 2119 2113 2126 2135 2136 2112 2092 2079 2071 2063 2052 2043 2033 2024 2000 1973 1967 1956 1950 1956 1963 1974 2002 2041 2098 2137 2184 2220 2256 2291 2329 2370 2398 2446 2497 2524 2528 2523 2520 2511 2517 2542 2560 2568 2575 2589 2609 2631 2609 2563 2542 2515 2497 2477 2462 2461 2473 2488 2497 2500 2473 2437 2406 2393 2397 2383 2350 2239 2194 2164 2148 2147 2165 2172 2163 2141 2111 2094 2088 2082 2091 2107 2129 2151 2186
2094 2114 2100 2079 2067 2065 2084 2104 2100 2074 2048 2040 2032 2024 2014 2000 1974 1951 1945 1947 1945 1950 1954 1959 1984 2025 2078 2143 2193 2241 2272 2295 2336 2374 2422 2459 2488 2500 2482 2464 2466 2462 2468 2495 2521 2532 2529 2532 2533 2538 2550 2555 2539 2522 2496 2472 2447 2443 2453 2456 2461 2464 2453 2414 2386 2382 2391 2384 2358 2293 2225 2192 2158 2156 2167 2176 2176 2154 2123 2109 2105 2107 2111 2115 2141 2171 2197 2230
2060 2068 2054 2044 2022 2016 2034 2060 2083 2074 2047 2015 2001 1994 1984 1963 1929 1905 1917 1930 1937 1936 1935 1953 1987 2027 2101 2190 2231 2292 2333 2356 2385 2396 2416 2436 2435 2426 2414 2406 2395 2409 2452 2483 2511 2506 2496 2495 2502 2507 2511 2516 2520 2509 2486 2462 2436 2427 2429 2431 2441 2442 2417 2376 2366 2373 2366 2352 2337 2284 2231 2190 2167 2165 2179 2191 2173 2155 2146 2137 2132 2134 2146 2164 2186 2210 2245 2289
2031 2023 2013 2009 1990 1971 2005 2039 2055 2063 2056 2030 1990 1976 1962 1924 1883 1875 1874 1915 1920 1919 1915 1927 1983 2045 2115 2188 2300 2335 2354 2340 2326 2336 2349 2361 2366 2359 2358 2352 2360 2390 2425 2452 2470 2467 2468 2474 2491 2500 2495 2491 2503 2517 2504 2475 2445 2423 2412 2415 2421 2406 2368 2353 2351 2348 2339 2325 2314 2269 2230 2193 2172 2177 2199 2195 2177 2183 2180 2183 2187 2185 2203 2213 2230 2263 2299 2333
1917 1930 1983 1944 1948 1935 1961 1988 2011 2042 2075 2056 1986 1974 1931 1871 1842 1829 1823 1848 1883 1895 1901 1920 1984 2053 2119 2179 2235 2275 2293 2275 2266 2275 2281 2291 2292 2293 2302 2304 2332 2360 2382 2400 2418 2434 2450 2472 2489 2485 2474 2483 2502 2529 2528 2496 2456 2422 2406 2403 2394 2364 2342 2333 2333 2330 2322 2309 2303 2290 2236 2194 2194 2209 2213 2198 2202 2205 2211 2242 2267 2285 2278 2276 2287 2311 2331 2351
1819 1837 1854 1869 1878 1914 1921 1929 1953 1989 1987 1975 1936 1922 1860 1805 1781 1752 1737 1782 1828 1869 1886 1897 1983 2080 2151 2165 2186 2218 2241 2234 2214 2212 2213 2220 2229 2231 2246 2271 2297 2323 2334 2352 2386 2428 2453 2472 2467 2456 2467 2490 2516 2544 2543 2511 2455 2417 2405 2395 2374 2345 2337 2337 2337 2327 2312 2306 2310 2307 2264 2225 2226 2227 2217 2212 2224 2233 2249 2274 2289 2305 2307 2317 2316 2327 2342 2357
1729 1749 1768 1785 1800 1817 1840 1888 1880 1901 1911 1917 1909 1848 1784 1752 1726 1699 1705 1731 1769 1841 1852 1898 2006 2034 2081 2108 2122 2154 2160 2170 2172 2169 2170 2175 2176 2178 2206 2237 2255 2278 2301 2329 2381 2423 2431 2426 2420 2427 2463 2503 2540 2566 2547 2502 2443 2418 2403 2385 2364 2345 2344 2348 2349 2338 2315 2308 2312 2300 2248 2229 2223 2223 2219 2224 2234 2251 2271 2290 2307 2317 2316 2323 2332 2340 2353 2373
1644 1662 1693 1709 1724 1716 1746 1790 1814 1816 1839 1837 1826 1791 1747 1715 1698 1672 1685 1712 1747 1791 1856 1920 1954 1971 1999 2029 2058 2113 2118 2124 2131 2135 2138 2138 2136 2138 2162 2200 2225 2237 2273 2314 2359 2377 2377 2374 2397 2431 2483 2524 2554 2568 2527 2488 2447 2412 2384 2361 2346 2343 2348 2346 2343 2339 2331 2317 2304 2269 2235 2225 2223 2223 2232 2235 2245 2270 2289 2310 2320 2329 2332 2337 2347 2359 2375 2396
1614 1630 1636 1642 1658 1678 1706 1732 1766 1777 1780 1798 1782 1757 1729 1694 1672 1652 1673 1703 1737 1765 1846 1894 1906 1925 1959 1978 1989 2033 2072 2091 2106 2111 2112 2114 2114 2111 2115 2145 2193 2207 2237 2259 2302 2317 2332 2357 2400 2458 2500 2538 2555 2546 2500 2462 2427 2399 2371 2352 2337 2334 2335 2334 2336 2337 2338 2325 2281 2256 2240 2229 2228 2236 2245 2251 2266 2284 2300 2318 2334 2342 2345 2354 2366 2383 2405 2427
1566 1584 1594 1604 1630 1647 1662 1685 1706 1722 1731 1734 1732 1720 1697 1676 1643 1628 1639 1664 1697 1743 1792 1840 1854 1882 1922 1944 1967 2021 2061 2076 2083 2090 2094 2096 2092 2091 2089 2104 2163 2190 2208 2228 2250 2279 2322 2367 2412 2462 2506 2532 2548 2526 2477 2446 2418 2398 2372 2369 2348 2336 2338 2336 2336 2340 2337 2305 2273 2257 2249 2239 2244 2254 2262 2273 2285 2302 2312 2328 2341 2355 2363 2379 2397 2420 2442 2466
1531 1545 1554 1580 1601 1610 1617 1640 1653 1662 1675 1668 1669 1661 1646 1616 1602 1591 1613 1654 1703 1737 1772 1806 1829 1865 1902 1930 1950 2002 2056 2080 2082 2083 2080 2076 2074 2075 2073 2075 2107 2180 2196 2215 2237 2281 2325 2362 2405 2444 2491 2523 2528 2500 2465 2439 2409 2387 2389 2395 2364 2341 2338 2338 2334 2332 2310 2280 2268 2264 2265 2269 2269 2278 2293 2303 2307 2318 2334 2344 2365 2384 2399 2421 2444 2471 2496 2526
1504 1517 1532 1545 1562 1565 1570 1581 1591 1606 1610 1600 1605 1594 1580 1568 1563 1563 1593 1641 1692 1787 1808 1833 1859 1879 1904 1937 1999 2040 2059 2073 2073 2070 2063 2061 2060 2063 2062 2068 2085 2151 2188 2218 2238 2272 2308 2339 2376 2411 2455 2504 2511 2488 2456 2420 2395 2383 2387 2386 2377 2362 2345 2344 2332 2313 2292 2278 2272 2281 2295 2301 2305 2305 2317 2324 2329 2346 2357 2373 2394 2419 2443 2468 2495 2545 2591 2643
1485 1496 1504 1508 1516 1528 1532 1530 1530 1542 1542 1542 1541 1524 1519 1519 1526 1538 1577 1654 1764 1798 1816 1853 1902 1908 1908 1967 2028 2045 2054 2058 2052 2048 2047 2048 2051 2053 2064 2076 2103 2149 2190 2221 2245 2270 2292 2312 2344 2377 2426 2478 2490 2476 2443 2407 2382 2368 2365 2364 2363 2360 2352 2345 2326 2304 2287 2284 2291 2303 2307 2312 2321 2322 2334 2348 2361 2374 2387 2410 2435 2456 2484 2514 2567 2611 2663 2672
1462 1467 1473 1472 1477 1488 1494 1492 1487 1492 1492 1496 1497 1495 1500 1504 1510 1522 1546 1627 1709 1815 1821 1889 1919 1936 1938 2011 2037 2043 2047 2049 2045 2041 2047 2055 2061 2073 2083 2105 2147 2175 2201 2235 2270 2290 2303 2312 2338 2363 2410 2447 2466 2457 2431 2402 2385 2377 2376 2369 2367 2363 2352 2340 2316 2304 2302 2305 2310 2317 2320 2327 2335 2342 2352 2368 2388 2408 2431 2455 2481 2501 2536 2588 2637 2678 2673 2617
1469 1470 1470 1470 1467 1470 1475 1477 1477 1487 1485 1489 1491 1492 1496 1502 1509 1522 1543 1612 1699 1788 1864 1916 1968 1969 1959 2005 2025 2031 2035 2033 2036 2040 2050 2064 2081 2098 2125 2157 2190 2221 2270 2311 2329 2336 2339 2346 2363 2404 2429 2440 2451 2443 2420 2400 2389 2382 2380 2375 2372 2370 2348 2331 2319 2317 2317 2325 2331 2337 2344 2349 2357 2369 2377 2397 2428 2452 2476 2498 2523 2559 2605 2669 2700 2681 2614 2552
1499 1502 1491 1488 1484 1489 1487 1482 1486 1496 1503 1508 1506 1504 1506 1509 1515 1526 1543 1557 1709 1806 1892 1997 1996 2008 2010 2015 2021 2023 2024 2026 2034 2048 2067 2094 2131 2161 2183 2202 2230 2267 2312 2343 2377 2399 2402 2401 2415 2430 2444 2455 2466 2458 2438 2413 2393 2384 2380 2379 2377 2369 2355 2344 2337 2339 2334 2343 2348 2353 2362 2373 2383 2396 2411 2436 2466 2491 2515 2539 2579 2628 2672 2705 2675 2605 2556 2516
1530 1531 1520 1517 1513 1515 1515 1507 1506 1512 1520 1528 1523 1526 1531 1536 1543 1548 1557 1587 1749 1841 1963 1973 2003 2026 2024 2022 2023 2022 2024 2029 2039 2066 2106 2143 2179 2201 2215 2238 2256 2283 2335 2379 2428 2456 2448 2444 2446 2444 2451 2466 2471 2465 2454 2444 2434 2420 2404 2393 2380 2367 2364 2364 2358 2361 2360 2359 2365 2377 2391 2403 2416 2429 2449 2475 2500 2525 2558 2589 2635 2687 2696 2666 2604 2553 2520 2489
1558 1559 1551 1549 1543 1544 1545 1531 1523 1541 1550 1557 1550 1554 1568 1579 1588 1589 1594 1740 1843 1875 1945 1984 2011 2022 2022 2023 2025 2025 2024 2034 2051 2096 2149 2186 2204 2225 2243 2263 2291 2326 2382 2427 2462 2474 2474 2466 2467 2470 2475 2484 2477 2462 2457 2459 2461 2456 2430 2399 2387 2385 2383 2387 2390 2383 2383 2382 2392 2402 2417 2435 2453 2474 2497 2520 2543 2574 2608 2661 2700 2695 2653 2603 2553 2518 2487 2464
1584 1586 1584 1581 1579 1580 1581 1580 1579 1593 1595 1591 1594 1614 1655 1633 1604 1740 1788 1844 1880 1950 1970 2002 2015 2018 2019 2021 2024 2028 2033 2043 2071 2118 2162 2197 2224 2249 2286 2328 2375 2414 2441 2462 2485 2505 2512 2514 2508 2527 2533 2514 2484 2470 2464 2465 2463 2457 2439 2413 2407 2403 2395 2401 2410 2410 2408 2409 2421 2433 2451 2478 2507 2524 2546 2588 2612 2654 2685 2713 2708 2666 2617 2567 2529 2503 2482 2469
1623 1630 1626 1622 1622 1628 1636 1644 1659 1671 1649 1636 1666 1714 1758 1777 1831 1871 1914 1955 2013 2004 2007 2022 2027 2025 2022 2024 2028 2036 2046 2070 2114 2155 2187 2220 2252 2286 2374 2419 2444 2472 2491 2509 2535 2578 2610 2640 2626 2610 2579 2536 2505 2487 2476 2470 2462 2452 2440 2431 2428 2424 2428 2431 2438 2437 2434 2442 2454 2475 2499 2526 2562 2588 2625 2678 2705 2725 2747 2727 2687 2638 2596 2546 2524 2509 2498 2500
1663 1674 1670 1660 1669 1678 1683 1711 1728 1712 1713 1735 1771 1822 1885 2001 2025 2085 2036 2106 2075 2053 2041 2047 2050 2041 2040 2045 2056 2082 2112 2130 2156 2178 2202 2237 2282 2389 2435 2465 2491 2516 2539 2584 2644 2668 2680 2692 2672 2633 2591 2553 2524 2506 2498 2491 2483 2477 2470 2462 2459 2460 2464 2466 2470 2477 2482 2490 2510 2536 2563 2596 2626 2667 2688 2705 2719 2739 2738 2706 2660 2615 2579 2546 2532 2533 2532 2536
1732 1730 1720 1719 1722 1739 1754 1764 1778 1779 1818 1834 1877 1940 2021 2048 2093 2130 2182 2177 2148 2105 2084 2080 2085 2088 2100 2112 2131 2152 2164 2165 2174 2195 2226 2306 2373 2419 2446 2470 2503 2548 2589 2652 2681 2749 2776 2765 2730 2687 2640 2588 2555 2540 2531 2519 2516 2512 2511 2501 2502 2501 2506 2518 2527 2535 2547 2569 2598 2629 2654 2686 2691 2688 2661 2657 2661 2672 2684 2666 2636 2602 2574 2558 2556 2559 2562 2575
