input/fake_age_map_u.txt
ncols        241
nrows        121
xllcorner    -71.200416424533
yllcorner    -33.000416206563
cellsize     0.000833333333
NODATA_value  -9999
[rows 18 to 35 of 121, columns 164 to 204 of 241]
4.7399997711181640625 4.6799998283386230469 4.7100000381469726562 4.7800002098083496094 4.840000152587890625 4.8600001335144042969 4.8499999046325683594 4.8699998855590820312 4.9299998283386230469 5.0100002288818359375 5.0799999237060546875 5.1999998092651367188 5.3000001907348632812 5.3600001335144042969 5.3800001144409179688 5.340000152587890625 5.3800001144409179688 5.4200000762939453125 5.4600000381469726562 5.6100001335144042969 5.8000001907348632812 6.0100002288818359375 6.1500000953674316406 6.1999998092651367188 6.2600002288818359375 6.3200001716613769531 6.3899998664855957031 6.5100002288818359375 6.7300000190734863281 6.9899997711181640625 7.3099999427795410156 7.6900000572204589844 8.1000003814697265625 8.6000003814697265625 9.0500001907348632812 9.3599996566772460938 9.3800001144409179688 9.4499998092651367188 9.7600002288818359375 9.9200000762939453125 9.7799997329711914062
4.8899998664855957031 4.7800002098083496094 4.8099999427795410156 4.8899998664855957031 4.9000000953674316406 4.9600000381469726562 5.0199999809265136719 5.0500001907348632812 5.0300002098083496094 5.1100001335144042969 5.1799998283386230469 5.2199997901916503906 5.3200001716613769531 5.4299998283386230469 5.4699997901916503906 5.4299998283386230469 5.409999847412109375 5.4899997711181640625 5.5300002098083496094 5.5999999046325683594 5.7100000381469726562 5.840000152587890625 5.9499998092651367188 6.0100002288818359375 6.1199998855590820312 6.2399997711181640625 6.4000000953674316406 6.5500001907348632812 6.8099999427795410156 7.1100001335144042969 7.3699998855590820312 7.6999998092651367188 8.0399999618530273438 8.3900003433227539062 8.7200002670288085938 8.8999996185302734375 8.9700002670288085938 9.1999998092651367188 9.43000030517578125 9.5399999618530273438 9.479999542236328125
4.840000152587890625 4.8699998855590820312 4.8899998664855957031 4.9600000381469726562 5.0199999809265136719 5.0799999237060546875 5.1799998283386230469 5.2699999809265136719 5.2399997711181640625 5.2699999809265136719 5.3200001716613769531 5.3099999427795410156 5.3600001335144042969 5.4699997901916503906 5.5700001716613769531 5.5500001907348632812 5.5100002288818359375 5.5599999427795410156 5.5999999046325683594 5.6500000953674316406 5.7100000381469726562 5.7899999618530273438 5.8499999046325683594 5.9200000762939453125 6.0199999809265136719 6.1999998092651367188 6.4499998092651367188 6.6300001144409179688 6.8699998855590820312 7.0599999427795410156 7.1999998092651367188 7.409999847412109375 7.6500000953674316406 7.9600000381469726562 8.270000457763671875 8.520000457763671875 8.7100000381469726562 8.9399995803833007812 9.1099996566772460938 9.2399997711181640625 9.2799997329711914062
4.7800002098083496094 4.8299999237060546875 4.8699998855590820312 4.9299998283386230469 5.0100002288818359375 5.159999847412109375 5.3000001907348632812 5.4000000953674316406 5.409999847412109375 5.4200000762939453125 5.4800000190734863281 5.4699997901916503906 5.4299998283386230469 5.4600000381469726562 5.5599999427795410156 5.6500000953674316406 5.6300001144409179688 5.6799998283386230469 5.6799998283386230469 5.6999998092651367188 5.7600002288818359375 5.8200001716613769531 5.8800001144409179688 5.9200000762939453125 5.9699997901916503906 6.090000152587890625 6.3200001716613769531 6.4800000190734863281 6.5799999237060546875 6.7199997901916503906 6.9299998283386230469 7.1799998283386230469 7.5399999618530273438 7.9499998092651367188 8.2799997329711914062 8.5 8.6899995803833007812 8.8299999237060546875 8.9899997711181640625 9.1499996185302734375 9.2899999618530273438
4.840000152587890625 4.8200001716613769531 4.8899998664855957031 4.9499998092651367188 5 5.1300001144409179688 5.25 5.4000000953674316406 5.4800000190734863281 5.4800000190734863281 5.5700001716613769531 5.5799999237060546875 5.5500001907348632812 5.5399999618530273438 5.6300001144409179688 5.6999998092651367188 5.7600002288818359375 5.8200001716613769531 5.8000001907348632812 5.75 5.8299999237060546875 5.8800001144409179688 5.9200000762939453125 5.9400000572204589844 5.9899997711181640625 6.0500001907348632812 6.1700000762939453125 6.3200001716613769531 6.4499998092651367188 6.6500000953674316406 6.9400000572204589844 7.340000152587890625 7.7899999618530273438 8.1199998855590820312 8.2600002288818359375 8.3999996185302734375 8.659999847412109375 8.8800001144409179688 9.0799999237060546875 9.1999998092651367188 9.2899999618530273438
4.9699997901916503906 4.9600000381469726562 5.0500001907348632812 5.1199998855590820312 5.0799999237060546875 5.0999999046325683594 5.1700000762939453125 5.25 5.3499999046325683594 5.409999847412109375 5.5599999427795410156 5.7100000381469726562 5.7199997901916503906 5.7100000381469726562 5.7199997901916503906 5.7300000190734863281 5.8499999046325683594 5.9299998283386230469 5.909999847412109375 5.840000152587890625 5.840000152587890625 5.9400000572204589844 5.9699997901916503906 5.9800000190734863281 6.0199999809265136719 6.0799999237060546875 6.1399998664855957031 6.2399997711181640625 6.3899998664855957031 6.6199998855590820312 6.909999847412109375 7.2199997901916503906 7.5399999618530273438 7.8099999427795410156 8.0399999618530273438 8.3000001907348632812 8.590000152587890625 8.8000001907348632812 9.020000457763671875 9.1899995803833007812 9.25
5.1399998664855957031 5.1100001335144042969 5.1399998664855957031 5.2300000190734863281 5.2100000381469726562 5.1799998283386230469 5.2300000190734863281 5.2300000190734863281 5.3000001907348632812 5.5 5.659999847412109375 5.8099999427795410156 5.8600001335144042969 5.8699998855590820312 5.8699998855590820312 5.8600001335144042969 5.8899998664855957031 5.9899997711181640625 6.0100002288818359375 5.9600000381469726562 5.9600000381469726562 5.9400000572204589844 6.0399999618530273438 6.0700001716613769531 6.0799999237060546875 6.0999999046325683594 6.1500000953674316406 6.2199997901916503906 6.340000152587890625 6.4800000190734863281 6.6799998283386230469 6.8899998664855957031 7.1399998664855957031 7.4600000381469726562 7.8499999046325683594 8.2399997711181640625 8.479999542236328125 8.6300001144409179688 8.8900003433227539062 9.18000030517578125 9.4600000381469726562
5.3499999046325683594 5.2800002098083496094 5.3000001907348632812 5.3699998855590820312 5.3499999046325683594 5.3099999427795410156 5.3800001144409179688 5.4000000953674316406 5.4299998283386230469 5.590000152587890625 5.7699999809265136719 5.8800001144409179688 5.9499998092651367188 5.9800000190734863281 5.9800000190734863281 5.9699997901916503906 5.9800000190734863281 6.0799999237060546875 6.0799999237060546875 6.0599999427795410156 6.1100001335144042969 6.0500001907348632812 6.0999999046325683594 6.1500000953674316406 6.159999847412109375 6.1399998664855957031 6.1900000572204589844 6.2600002288818359375 6.3499999046325683594 6.4800000190734863281 6.6199998855590820312 6.7899999618530273438 7.0700001716613769531 7.4699997901916503906 7.8099999427795410156 8.18000030517578125 8.4200000762939453125 8.6199998855590820312 8.8800001144409179688 9.1999998092651367188 9.4499998092651367188
5.5799999237060546875 5.4499998092651367188 5.4699997901916503906 5.590000152587890625 5.5599999427795410156 5.4699997901916503906 5.5700001716613769531 5.590000152587890625 5.5500001907348632812 5.6100001335144042969 5.7300000190734863281 5.840000152587890625 5.9000000953674316406 5.9699997901916503906 6.0500001907348632812 6.0700001716613769531 6.0300002098083496094 6.1199998855590820312 6.1900000572204589844 6.159999847412109375 6.1999998092651367188 6.1799998283386230469 6.159999847412109375 6.2399997711181640625 6.2399997711181640625 6.2300000190734863281 6.25 6.3099999427795410156 6.3899998664855957031 6.5300002098083496094 6.7199997901916503906 6.9299998283386230469 7.1300001144409179688 7.5100002288818359375 7.9000000953674316406 8.25 8.5799999237060546875 8.75 8.9399995803833007812 9.2100000381469726562 9.5100002288818359375
5.75 5.590000152587890625 5.5700001716613769531 5.7199997901916503906 5.7300000190734863281 5.6300001144409179688 5.6799998283386230469 5.7300000190734863281 5.6700000762939453125 5.7399997711181640625 5.840000152587890625 5.9200000762939453125 5.9400000572204589844 5.9600000381469726562 6.0300002098083496094 6.090000152587890625 6.0799999237060546875 6.1300001144409179688 6.2600002288818359375 6.3200001716613769531 6.3099999427795410156 6.25 6.3200001716613769531 6.3699998855590820312 6.340000152587890625 6.3099999427795410156 6.3000001907348632812 6.3800001144409179688 6.4899997711181640625 6.6199998855590820312 6.8099999427795410156 7.0100002288818359375 7.3099999427795410156 7.6900000572204589844 8.0600004196166992188 8.4200000762939453125 8.81999969482421875 8.979999542236328125 9.159999847412109375 9.4899997711181640625 9.6899995803833007812
5.909999847412109375 5.75 5.8000001907348632812 5.8800001144409179688 5.8299999237060546875 5.7199997901916503906 5.7699999809265136719 5.8299999237060546875 5.8099999427795410156 5.9000000953674316406 6.0399999618530273438 6.0500001907348632812 6.0300002098083496094 6.0500001907348632812 6.0700001716613769531 6.0999999046325683594 6.1700000762939453125 6.1799998283386230469 6.25 6.4000000953674316406 6.409999847412109375 6.3099999427795410156 6.4200000762939453125 6.4800000190734863281 6.4800000190734863281 6.409999847412109375 6.3699998855590820312 6.5199999809265136719 6.7100000381469726562 6.840000152587890625 7.0599999427795410156 7.340000152587890625 7.590000152587890625 7.909999847412109375 8.2399997711181640625 8.659999847412109375 9.0100002288818359375 9.2399997711181640625 9.4200000762939453125 9.6999998092651367188 9.8000001907348632812
6.0700001716613769531 6 6.0700001716613769531 6.090000152587890625 5.9400000572204589844 5.7800002098083496094 5.8299999237060546875 5.9499998092651367188 5.9899997711181640625 6.090000152587890625 6.2300000190734863281 6.2399997711181640625 6.1999998092651367188 6.1700000762939453125 6.1199998855590820312 6.1300001144409179688 6.1700000762939453125 6.2399997711181640625 6.3299999237060546875 6.4499998092651367188 6.5100002288818359375 6.4200000762939453125 6.5100002288818359375 6.5999999046325683594 6.6500000953674316406 6.6100001335144042969 6.5999999046325683594 6.7699999809265136719 7 7.2300000190734863281 7.4600000381469726562 7.6999998092651367188 8 8.2799997329711914062 8.5399999618530273438 8.8699998855590820312 9.1700000762939453125 9.3699998855590820312 9.6099996566772460938 9.840000152587890625 9.93000030517578125
6.3499999046325683594 6.3000001907348632812 6.3099999427795410156 6.2399997711181640625 6.0300002098083496094 5.9200000762939453125 5.9600000381469726562 6.0799999237060546875 6.1999998092651367188 6.3200001716613769531 6.4200000762939453125 6.4200000762939453125 6.3699998855590820312 6.2899999618530273438 6.2199997901916503906 6.2699999809265136719 6.3099999427795410156 6.3499999046325683594 6.4499998092651367188 6.5 6.590000152587890625 6.5799999237060546875 6.5799999237060546875 6.7199997901916503906 6.8499999046325683594 6.840000152587890625 6.9499998092651367188 7.1900000572204589844 7.3600001335144042969 7.5599999427795410156 7.7600002288818359375 8.06999969482421875 8.3800001144409179688 8.5500001907348632812 8.75 9.06999969482421875 9.3000001907348632812 9.5 9.6899995803833007812 9.9200000762939453125 10.079999923706054688
6.590000152587890625 6.5599999427795410156 6.5500001907348632812 6.3699998855590820312 6.1799998283386230469 6.159999847412109375 6.1799998283386230469 6.2699999809265136719 6.3899998664855957031 6.4899997711181640625 6.5700001716613769531 6.5700001716613769531 6.5 6.4400000572204589844 6.409999847412109375 6.4800000190734863281 6.5399999618530273438 6.5300002098083496094 6.5799999237060546875 6.659999847412109375 6.6799998283386230469 6.7199997901916503906 6.6700000762939453125 6.75 6.9299998283386230469 7.0300002098083496094 7.1999998092651367188 7.4200000762939453125 7.5500001907348632812 7.6999998092651367188 7.9699997901916503906 8.2600002288818359375 8.5299997329711914062 8.6899995803833007812 8.8500003814697265625 9.0399999618530273438 9.229999542236328125 9.5100002288818359375 9.7799997329711914062 10 10.029999732971191406
6.9000000953674316406 6.8699998855590820312 6.7600002288818359375 6.5599999427795410156 6.3800001144409179688 6.4499998092651367188 6.4899997711181640625 6.5500001907348632812 6.5599999427795410156 6.6799998283386230469 6.7399997711181640625 6.7100000381469726562 6.6399998664855957031 6.6300001144409179688 6.659999847412109375 6.5999999046325683594 6.6700000762939453125 6.6900000572204589844 6.6900000572204589844 6.75 6.8000001907348632812 6.8000001907348632812 6.8099999427795410156 6.8099999427795410156 6.8899998664855957031 7.0599999427795410156 7.2699999809265136719 7.4499998092651367188 7.5999999046325683594 7.8600001335144042969 8.2100000381469726562 8.4600000381469726562 8.590000152587890625 8.6700000762939453125 8.8000001907348632812 8.9899997711181640625 9.2600002288818359375 9.5799999237060546875 9.8800001144409179688 9.93000030517578125 9.8299999237060546875
7.0700001716613769531 6.9499998092651367188 6.7899999618530273438 6.6199998855590820312 6.6300001144409179688 6.7899999618530273438 6.7899999618530273438 6.75 6.7300000190734863281 6.8099999427795410156 6.909999847412109375 6.9000000953674316406 6.8299999237060546875 6.8000001907348632812 6.7699999809265136719 6.7100000381469726562 6.7699999809265136719 6.840000152587890625 6.8200001716613769531 6.8499999046325683594 6.9299998283386230469 6.9499998092651367188 6.9400000572204589844 6.9499998092651367188 6.9200000762939453125 7.0799999237060546875 7.2699999809265136719 7.3899998664855957031 7.590000152587890625 7.9299998283386230469 8.2399997711181640625 8.4399995803833007812 8.5799999237060546875 8.7100000381469726562 8.8500003814697265625 9.1000003814697265625 9.3800001144409179688 9.6700000762939453125 9.81999969482421875 9.659999847412109375 9.6700000762939453125
7.1100001335144042969 7.0100002288818359375 6.8499999046325683594 6.7800002098083496094 6.909999847412109375 7.0399999618530273438 7.0300002098083496094 6.9699997901916503906 6.9699997901916503906 7.0599999427795410156 7.1900000572204589844 7.1799998283386230469 7.090000152587890625 6.9400000572204589844 6.8099999427795410156 6.8200001716613769531 6.8800001144409179688 6.909999847412109375 6.9699997901916503906 7.0199999809265136719 7.1300001144409179688 7.1500000953674316406 7.0700001716613769531 7.0999999046325683594 7.0399999618530273438 7.090000152587890625 7.1999998092651367188 7.340000152587890625 7.5500001907348632812 7.8000001907348632812 7.9800000190734863281 8.159999847412109375 8.43000030517578125 8.6300001144409179688 8.770000457763671875 9.0100002288818359375 9.3800001144409179688 9.6199998855590820312 9.479999542236328125 9.3100004196166992188 9.479999542236328125
7.0199999809265136719 7.1100001335144042969 7.090000152587890625 7.090000152587890625 7.1900000572204589844 7.2699999809265136719 7.2600002288818359375 7.2699999809265136719 7.2800002098083496094 7.409999847412109375 7.5 7.409999847412109375 7.2600002288818359375 7.1199998855590820312 7 7.0300002098083496094 7.0799999237060546875 7.0199999809265136719 7.090000152587890625 7.2199997901916503906 7.3200001716613769531 7.2800002098083496094 7.2100000381469726562 7.2600002288818359375 7.2199997901916503906 7.1900000572204589844 7.2199997901916503906 7.3000001907348632812 7.4200000762939453125 7.5700001716613769531 7.7199997901916503906 7.909999847412109375 8.1400003433227539062 8.3500003814697265625 8.5100002288818359375 8.8000001907348632812 9.1499996185302734375 9.3000001907348632812 9.1199998855590820312 9.0100002288818359375 9.2100000381469726562
