input/fake_age_map.txt
ncols        241
nrows        121
xllcorner    -71.200416424533
yllcorner    -33.000416206563
cellsize     0.000833333333
NODATA_value  -9999
[rows 80 to 99 of 121, columns 135 to 179 of 241]
86.90000152587890625 88.5 89.59999847412109375 91.09999847412109375 92 92.90000152587890625 94.3000030517578125 96.8000030517578125 99.6999969482421875 103.3000030517578125 106.8000030517578125 106.90000152587890625 103.90000152587890625 99.5 95.09999847412109375 91 87.90000152587890625 84.8000030517578125 82.90000152587890625 82.8000030517578125 83.3000030517578125 81.90000152587890625 79.90000152587890625 79.5 79.6999969482421875 79.8000030517578125 79.8000030517578125 79.6999969482421875 79.6999969482421875 79.6999969482421875 80.1999969482421875 81.8000030517578125 83.90000152587890625 86.1999969482421875 87.40000152587890625 85.40000152587890625 84.5 86.59999847412109375 90.5 94 97.09999847412109375 99.09999847412109375 100.5 101.5 101.6999969482421875
89.59999847412109375 91.1999969482421875 92.5 94 95.40000152587890625 96 96.8000030517578125 98.8000030517578125 101.40000152587890625 104 106.09999847412109375 104.90000152587890625 102 99 94.59999847412109375 90.90000152587890625 87.3000030517578125 85 85.09999847412109375 84.59999847412109375 84.1999969482421875 82.59999847412109375 80.90000152587890625 80.59999847412109375 81 81.3000030517578125 81 81.09999847412109375 81.3000030517578125 81.40000152587890625 81.59999847412109375 82.8000030517578125 84.8000030517578125 87.40000152587890625 89.1999969482421875 88.3000030517578125 86.09999847412109375 86.3000030517578125 89.90000152587890625 93.6999969482421875 96.6999969482421875 99.3000030517578125 101.3000030517578125 103 103.8000030517578125
92.90000152587890625 94.90000152587890625 96.8000030517578125 98.09999847412109375 99.59999847412109375 100.5 101 102.1999969482421875 104.5 106.1999969482421875 106.59999847412109375 103.40000152587890625 100.59999847412109375 97.5 93.5 89.6999969482421875 87.40000152587890625 87.1999969482421875 87 86.09999847412109375 84.90000152587890625 82.5 81.8000030517578125 82 82.40000152587890625 83.1999969482421875 83.5 83.5 83.3000030517578125 83.90000152587890625 83.8000030517578125 85.09999847412109375 87.40000152587890625 90.3000030517578125 91.1999969482421875 90.5 89.1999969482421875 87.6999969482421875 88.09999847412109375 91.3000030517578125 95.5 98.3000030517578125 100.1999969482421875 102.3000030517578125 104.3000030517578125
95.5 98.8000030517578125 101.5 103.40000152587890625 104.59999847412109375 105.40000152587890625 105.5 106.40000152587890625 108.09999847412109375 109.09999847412109375 106.90000152587890625 103.1999969482421875 99.40000152587890625 95.8000030517578125 92 89.8000030517578125 89.1999969482421875 89 88.3000030517578125 87.5 86 83.90000152587890625 83 83.5 83.90000152587890625 85 86.1999969482421875 86.1999969482421875 85.59999847412109375 85.8000030517578125 85.90000152587890625 87.40000152587890625 90.5 93.09999847412109375 93.59999847412109375 92.3000030517578125 90.90000152587890625 90.09999847412109375 89.3000030517578125 91.09999847412109375 94.8000030517578125 97.09999847412109375 99.40000152587890625 101.8000030517578125 104.40000152587890625
98.8000030517578125 101.6999969482421875 105.3000030517578125 108.09999847412109375 110.5 111.09999847412109375 110.6999969482421875 110.8000030517578125 111.6999969482421875 110.40000152587890625 106.59999847412109375 102.40000152587890625 98.40000152587890625 94.5 93.09999847412109375 92.5 91.8000030517578125 91.3000030517578125 90.1999969482421875 88.59999847412109375 86.3000030517578125 84.6999969482421875 83.90000152587890625 84.5 84.90000152587890625 86.3000030517578125 87.8000030517578125 88.90000152587890625 88.90000152587890625 89 89.1999969482421875 89.90000152587890625 92.59999847412109375 94.59999847412109375 95.6999969482421875 95 94.40000152587890625 93.5 91.6999969482421875 90.5 92 95.40000152587890625 97.8000030517578125 100.3000030517578125 102.40000152587890625
102.59999847412109375 105.90000152587890625 109.90000152587890625 113.09999847412109375 116.1999969482421875 117 116.40000152587890625 114.6999969482421875 112 108.40000152587890625 104.90000152587890625 101.5 98.3000030517578125 96.1999969482421875 96.3000030517578125 95.5 94.59999847412109375 93.8000030517578125 92.40000152587890625 90.5 88.09999847412109375 86.6999969482421875 85.5 85.6999969482421875 86.1999969482421875 86.8000030517578125 88.59999847412109375 90.5 91.59999847412109375 92 93 93.90000152587890625 94.90000152587890625 96.8000030517578125 97.40000152587890625 97.8000030517578125 98.59999847412109375 97.8000030517578125 95.3000030517578125 92.6999969482421875 91.8000030517578125 93.5 96.40000152587890625 98.6999969482421875 100.8000030517578125
104.90000152587890625 109.1999969482421875 113.90000152587890625 118.3000030517578125 122.1999969482421875 122.8000030517578125 120.40000152587890625 116.3000030517578125 111.5 107.5 104 101.09999847412109375 99.8000030517578125 100.09999847412109375 99.90000152587890625 99.09999847412109375 98.40000152587890625 96.59999847412109375 94.5 92.3000030517578125 90.59999847412109375 88.90000152587890625 87.1999969482421875 87.1999969482421875 88.09999847412109375 88.1999969482421875 89 91.09999847412109375 93.3000030517578125 95.09999847412109375 96.90000152587890625 98.1999969482421875 98.40000152587890625 98.8000030517578125 99.09999847412109375 99.6999969482421875 100.90000152587890625 100 97.59999847412109375 95 93.6999969482421875 93 95.09999847412109375 97.6999969482421875 99.8000030517578125
105.59999847412109375 110 114.59999847412109375 119.8000030517578125 124.40000152587890625 126.40000152587890625 123 118.90000152587890625 113.8000030517578125 109.09999847412109375 105.1999969482421875 103.5 104.40000152587890625 105 105.3000030517578125 104.09999847412109375 102.40000152587890625 100 96.8000030517578125 94.3000030517578125 92.40000152587890625 90.40000152587890625 88.6999969482421875 88.5 89.40000152587890625 89.6999969482421875 89.8000030517578125 91.5 94 96.1999969482421875 97.5 99.6999969482421875 100.59999847412109375 101 100.90000152587890625 101.59999847412109375 102.40000152587890625 101.59999847412109375 99.3000030517578125 97.5 96.40000152587890625 94.90000152587890625 94.59999847412109375 97.09999847412109375 100.40000152587890625
104.1999969482421875 108.59999847412109375 113.8000030517578125 118.8000030517578125 124.6999969482421875 128.899993896484375 126.6999969482421875 121.59999847412109375 115.09999847412109375 109.3000030517578125 108 108.59999847412109375 109.40000152587890625 110.5 110.59999847412109375 108.90000152587890625 106.09999847412109375 102.40000152587890625 99.40000152587890625 96.40000152587890625 93.8000030517578125 91.90000152587890625 90 90.40000152587890625 91.09999847412109375 91.5 91.59999847412109375 92 93.40000152587890625 95.59999847412109375 97.1999969482421875 99.6999969482421875 101.3000030517578125 102.40000152587890625 103.09999847412109375 104.1999969482421875 104.59999847412109375 104.1999969482421875 103.40000152587890625 101.5 98.6999969482421875 96.90000152587890625 95.90000152587890625 97.59999847412109375 101.5
106.1999969482421875 109.90000152587890625 113.90000152587890625 118.6999969482421875 124.8000030517578125 129.8000030517578125 127.8000030517578125 122.1999969482421875 116.09999847412109375 113.1999969482421875 113.09999847412109375 114.5 115 116 115.3000030517578125 112.1999969482421875 108.1999969482421875 104.6999969482421875 101.40000152587890625 97.8000030517578125 95.59999847412109375 94.09999847412109375 93.5 94.09999847412109375 94.40000152587890625 93.90000152587890625 93.59999847412109375 94.09999847412109375 95.09999847412109375 96.90000152587890625 98.6999969482421875 100.8000030517578125 102.3000030517578125 104 105.09999847412109375 106.40000152587890625 106.6999969482421875 106.90000152587890625 106.6999969482421875 104.59999847412109375 101 99 97.40000152587890625 97.59999847412109375 100.90000152587890625
110.59999847412109375 113.6999969482421875 116.6999969482421875 120.40000152587890625 124.6999969482421875 129.3000030517578125 129.1999969482421875 123.3000030517578125 119.1999969482421875 119.3000030517578125 119.90000152587890625 120.6999969482421875 121.3000030517578125 121 118.1999969482421875 114.1999969482421875 110 105.8000030517578125 102.3000030517578125 99.8000030517578125 97.40000152587890625 95.8000030517578125 97.09999847412109375 97.90000152587890625 97.3000030517578125 96.09999847412109375 95.8000030517578125 96.90000152587890625 97.5 98.59999847412109375 100.40000152587890625 101.90000152587890625 103.3000030517578125 104.8000030517578125 106.3000030517578125 107.5 108.09999847412109375 109.40000152587890625 108.5 105 103 101.1999969482421875 99.09999847412109375 98.1999969482421875 100.09999847412109375
114.8000030517578125 118.5 123.1999969482421875 126.5 129.399993896484375 132.100006103515625 130.600006103515625 125.8000030517578125 124.8000030517578125 126.1999969482421875 125.90000152587890625 126.1999969482421875 125.59999847412109375 122.6999969482421875 118.59999847412109375 115.3000030517578125 112 108.1999969482421875 103.90000152587890625 100.1999969482421875 97.90000152587890625 97.90000152587890625 99.6999969482421875 101.5 100.1999969482421875 99 99.09999847412109375 99.6999969482421875 100.40000152587890625 100.5 101.5 104.40000152587890625 105.90000152587890625 106.5 108 109.5 110.5 111.09999847412109375 109.59999847412109375 107.09999847412109375 106.59999847412109375 104.90000152587890625 102.09999847412109375 100.1999969482421875 100
120.8000030517578125 126.3000030517578125 130.6999969482421875 132.1999969482421875 131.6999969482421875 130.100006103515625 128.6999969482421875 128.5 128.3000030517578125 129.5 129 128.6999969482421875 126.09999847412109375 122.59999847412109375 118.8000030517578125 114.8000030517578125 110.8000030517578125 107.3000030517578125 103.40000152587890625 100.3000030517578125 100.1999969482421875 101.09999847412109375 102.5 104.1999969482421875 102.90000152587890625 101.5 102.40000152587890625 103.6999969482421875 104.09999847412109375 103.59999847412109375 103.6999969482421875 106.1999969482421875 109.3000030517578125 110 110.6999969482421875 112.59999847412109375 114.3000030517578125 113.8000030517578125 111.40000152587890625 110.5 111 108.8000030517578125 106.09999847412109375 104.5 103
127.59999847412109375 130.399993896484375 130.5 127.59999847412109375 125.3000030517578125 124.3000030517578125 123.6999969482421875 125.5 126.3000030517578125 128 128.600006103515625 128.3000030517578125 125.40000152587890625 121.09999847412109375 117.6999969482421875 113.5 109.6999969482421875 106.09999847412109375 103.1999969482421875 102.59999847412109375 103.5 105.59999847412109375 106.6999969482421875 106.6999969482421875 104.8000030517578125 104.1999969482421875 106.1999969482421875 108 108.3000030517578125 108 106.8000030517578125 108.3000030517578125 112.1999969482421875 114 114.59999847412109375 116.5 118.59999847412109375 118.09999847412109375 115.5 115.8000030517578125 116 113.59999847412109375 111.40000152587890625 108.90000152587890625 107.09999847412109375
129 127.3000030517578125 124.1999969482421875 121.40000152587890625 119.59999847412109375 118.8000030517578125 118.6999969482421875 120.1999969482421875 121.1999969482421875 123.5 124.59999847412109375 124.8000030517578125 124.1999969482421875 121.8000030517578125 118.09999847412109375 113.59999847412109375 109.5 107.09999847412109375 105.3000030517578125 105.5 106.90000152587890625 109.1999969482421875 110.3000030517578125 109.09999847412109375 107.5 108 110.8000030517578125 113.1999969482421875 113.40000152587890625 112.8000030517578125 111 111.6999969482421875 114.59999847412109375 117.8000030517578125 119.09999847412109375 120.40000152587890625 123.3000030517578125 122.8000030517578125 121.40000152587890625 122 120.8000030517578125 118.3000030517578125 116 113.09999847412109375 110.1999969482421875
123.1999969482421875 120.8000030517578125 118.5 116.3000030517578125 115 113.90000152587890625 113.8000030517578125 114.59999847412109375 115.6999969482421875 117.1999969482421875 119.3000030517578125 121.8000030517578125 124.09999847412109375 122.90000152587890625 120 115.90000152587890625 112.1999969482421875 109.59999847412109375 108.5 109 110.5 112.5 113.8000030517578125 112.59999847412109375 111.90000152587890625 112.5 115.6999969482421875 118.59999847412109375 119 117.90000152587890625 115.8000030517578125 117 119.1999969482421875 121.90000152587890625 124.09999847412109375 126.09999847412109375 127.8000030517578125 127.8000030517578125 127.59999847412109375 127.6999969482421875 125.1999969482421875 121.40000152587890625 118.3000030517578125 115.1999969482421875 111.8000030517578125
117.40000152587890625 114.40000152587890625 112.6999969482421875 111.3000030517578125 110.90000152587890625 109.6999969482421875 109.1999969482421875 110.40000152587890625 111 113.8000030517578125 117.59999847412109375 121.3000030517578125 123.8000030517578125 123.40000152587890625 121.40000152587890625 119.40000152587890625 115.59999847412109375 112.6999969482421875 111.6999969482421875 111.6999969482421875 112.40000152587890625 114.6999969482421875 117.09999847412109375 117.3000030517578125 118 118.1999969482421875 120.40000152587890625 123.6999969482421875 124.1999969482421875 122.1999969482421875 120 121.09999847412109375 124.09999847412109375 126.3000030517578125 128.600006103515625 130.600006103515625 131.600006103515625 132.5 132.8000030517578125 131.1999969482421875 127.90000152587890625 123.1999969482421875 118.90000152587890625 115.5 112.40000152587890625
112.3000030517578125 109.6999969482421875 107.90000152587890625 107.09999847412109375 106.8000030517578125 105.59999847412109375 105.59999847412109375 106.40000152587890625 109 113.3000030517578125 117.90000152587890625 121.3000030517578125 123.40000152587890625 123.8000030517578125 123.3000030517578125 122.1999969482421875 119 116.09999847412109375 115.09999847412109375 114.90000152587890625 114.6999969482421875 116.6999969482421875 119.40000152587890625 121.5 122.90000152587890625 123.8000030517578125 125.09999847412109375 127.5 128.1999969482421875 126.40000152587890625 125 125.90000152587890625 128.1999969482421875 131.100006103515625 133.600006103515625 135.5 136.1999969482421875 136.5 136.600006103515625 133.3000030517578125 128.8000030517578125 123.1999969482421875 119.09999847412109375 115.59999847412109375 113.6999969482421875
108 105.5 103.6999969482421875 103 102.6999969482421875 102.1999969482421875 102.90000152587890625 105.40000152587890625 109 112.6999969482421875 116 119 122.1999969482421875 123.90000152587890625 124.8000030517578125 124.1999969482421875 122.6999969482421875 121.1999969482421875 119.5 117.59999847412109375 117.3000030517578125 118.8000030517578125 121.5 124.90000152587890625 126.59999847412109375 127.90000152587890625 129.600006103515625 131.5 132.8000030517578125 131.5 130.600006103515625 131.1999969482421875 133.1999969482421875 136 139 140.399993896484375 141.1999969482421875 140.1999969482421875 137.6999969482421875 134 129.3000030517578125 124.09999847412109375 119.6999969482421875 118.1999969482421875 118.1999969482421875
103.8000030517578125 101.59999847412109375 100 99.59999847412109375 99.40000152587890625 100.09999847412109375 103 106 109.40000152587890625 111.40000152587890625 112.90000152587890625 115.90000152587890625 119.09999847412109375 122.09999847412109375 123.40000152587890625 122.90000152587890625 122.40000152587890625 123.5 122.59999847412109375 120.09999847412109375 120.3000030517578125 121.5 123.1999969482421875 125.6999969482421875 127.8000030517578125 128.899993896484375 131.5 134.3000030517578125 136.6999969482421875 137.1999969482421875 136.8000030517578125 137.1999969482421875 138.899993896484375 141.3000030517578125 144.1999969482421875 145.5 145.1999969482421875 142.8000030517578125 138.399993896484375 134.100006103515625 129.6999969482421875 125.40000152587890625 123.90000152587890625 123.5 122.90000152587890625
