input/fake_age_map.txt
ncols        241
nrows        121
xllcorner    -71.200416424533
yllcorner    -33.000416206563
cellsize     0.000833333333
NODATA_value  -9999
[rows 40 to 59 of 121, columns 0 to 44 of 241]
62.40000152587890625 59.700000762939453125 58.90000152587890625 57.90000152587890625 53.90000152587890625 53.59999847412109375 57.59999847412109375 60.40000152587890625 59.200000762939453125 60.299999237060546875 64.6999969482421875 65 61 57 54.299999237060546875 51.5 50.09999847412109375 52.299999237060546875 56.5 60.700000762939453125 63 64.8000030517578125 67.3000030517578125 68.6999969482421875 70 71.90000152587890625 74.6999969482421875 77.59999847412109375 79.1999969482421875 79.6999969482421875 81.90000152587890625 84.1999969482421875 85.40000152587890625 89.09999847412109375 93.6999969482421875 96.59999847412109375 99.5 101.8000030517578125 102.1999969482421875 102.3000030517578125 103.09999847412109375 103.8000030517578125 105.09999847412109375 106.09999847412109375 108
68.8000030517578125 66.1999969482421875 63.59999847412109375 61 58.5 58.40000152587890625 60.59999847412109375 64.3000030517578125 65 64.8000030517578125 67.90000152587890625 68.3000030517578125 65.09999847412109375 61.40000152587890625 57.700000762939453125 54.299999237060546875 52.799999237060546875 52.5 53.90000152587890625 56.299999237060546875 58.5 60.59999847412109375 63.700000762939453125 66.3000030517578125 68.59999847412109375 70.40000152587890625 71.5 73 74.40000152587890625 75.5 77.1999969482421875 79.40000152587890625 81.6999969482421875 86.5 90.3000030517578125 92.5 95.3000030517578125 97.6999969482421875 97.40000152587890625 99.09999847412109375 100.1999969482421875 99.6999969482421875 99.90000152587890625 100.1999969482421875 101.40000152587890625
74.90000152587890625 71.90000152587890625 69.09999847412109375 66.3000030517578125 64.59999847412109375 64.59999847412109375 66 68.3000030517578125 69.90000152587890625 69.59999847412109375 70.90000152587890625 71.8000030517578125 68.90000152587890625 64.40000152587890625 61.40000152587890625 59.09999847412109375 56.700000762939453125 57 56.90000152587890625 56.40000152587890625 57 58.40000152587890625 60.09999847412109375 62.40000152587890625 64.3000030517578125 66.09999847412109375 67.40000152587890625 69.1999969482421875 71.90000152587890625 73.59999847412109375 75 76.8000030517578125 80.1999969482421875 83.59999847412109375 86.3000030517578125 89.40000152587890625 93.09999847412109375 93.5 93.1999969482421875 96.40000152587890625 97.09999847412109375 95.59999847412109375 95.3000030517578125 94.59999847412109375 95.09999847412109375
79.5 77.40000152587890625 74.90000152587890625 73.09999847412109375 71.6999969482421875 71.59999847412109375 72.5 73 74.5 74.6999969482421875 74.6999969482421875 74.6999969482421875 72 69.40000152587890625 67.1999969482421875 64.3000030517578125 61.5 62.59999847412109375 62.299999237060546875 60 60.200000762939453125 62.40000152587890625 62.40000152587890625 62.200000762939453125 65.5 67.59999847412109375 68.8000030517578125 71.6999969482421875 75.5 78.59999847412109375 79.5 79.3000030517578125 79.59999847412109375 81.8000030517578125 84.8000030517578125 88.40000152587890625 90.3000030517578125 89.09999847412109375 89.40000152587890625 91.8000030517578125 93.5 92.6999969482421875 90.6999969482421875 90.40000152587890625 90.1999969482421875
79.8000030517578125 78.59999847412109375 78.1999969482421875 77.8000030517578125 77.40000152587890625 77.90000152587890625 78.09999847412109375 77.90000152587890625 79 78.8000030517578125 77.90000152587890625 77.90000152587890625 76.5 74.40000152587890625 72 68.5 66.8000030517578125 67.6999969482421875 66.59999847412109375 64.5 64.1999969482421875 66.6999969482421875 67.09999847412109375 65.09999847412109375 66.6999969482421875 71.3000030517578125 73.90000152587890625 76.59999847412109375 79.8000030517578125 82.59999847412109375 83.5 83.3000030517578125 83.6999969482421875 84.90000152587890625 86.09999847412109375 86.90000152587890625 86.5 84.6999969482421875 85.3000030517578125 87.6999969482421875 90.09999847412109375 90 86.3000030517578125 86 85.6999969482421875
75.8000030517578125 73.90000152587890625 74.1999969482421875 75 76.1999969482421875 77.6999969482421875 78.3000030517578125 78.6999969482421875 78.90000152587890625 77.59999847412109375 75.8000030517578125 74.40000152587890625 74.40000152587890625 74.59999847412109375 74.3000030517578125 73.1999969482421875 72.59999847412109375 72.59999847412109375 71.5 70 68.3000030517578125 69.40000152587890625 71.5 70.09999847412109375 68.40000152587890625 71.1999969482421875 75.5 79.1999969482421875 82.6999969482421875 85.8000030517578125 86.90000152587890625 87.8000030517578125 87.90000152587890625 86.6999969482421875 84.8000030517578125 83.1999969482421875 83.5 81.90000152587890625 81.8000030517578125 85.40000152587890625 87.6999969482421875 86.40000152587890625 82.3000030517578125 82.09999847412109375 82.1999969482421875
75.09999847412109375 72.5 70.59999847412109375 71 72.59999847412109375 73.8000030517578125 73.90000152587890625 74.40000152587890625 74.5 72.6999969482421875 71.09999847412109375 68.6999969482421875 68.40000152587890625 70 72.6999969482421875 74.90000152587890625 76 76.90000152587890625 76.09999847412109375 74 71.90000152587890625 72.90000152587890625 75.3000030517578125 74.59999847412109375 72.5 74.59999847412109375 76.59999847412109375 79.40000152587890625 83.90000152587890625 87.8000030517578125 89.59999847412109375 90.40000152587890625 89.3000030517578125 86.09999847412109375 82.40000152587890625 79.1999969482421875 79.3000030517578125 78.1999969482421875 78.90000152587890625 81.6999969482421875 83.59999847412109375 82 79 77.8000030517578125 78.59999847412109375
74.59999847412109375 72.8000030517578125 70.59999847412109375 68.59999847412109375 68 69.1999969482421875 69.8000030517578125 71.1999969482421875 70.59999847412109375 67.59999847412109375 65.40000152587890625 64.3000030517578125 64.5 66.90000152587890625 69.5 72.8000030517578125 76 77.5 78.09999847412109375 77.8000030517578125 76.5 78.1999969482421875 79.8000030517578125 78.6999969482421875 76.90000152587890625 78.6999969482421875 81 83 86.09999847412109375 89.6999969482421875 90.1999969482421875 88.8000030517578125 86.59999847412109375 84 80.1999969482421875 76 74.3000030517578125 73.8000030517578125 74 76.90000152587890625 78.6999969482421875 77 75 73.90000152587890625 74.8000030517578125
70.90000152587890625 69 68.6999969482421875 67.1999969482421875 65 66 66.5 68.09999847412109375 67.90000152587890625 64.90000152587890625 61.59999847412109375 60 61 63.90000152587890625 67.3000030517578125 70 72.6999969482421875 73.3000030517578125 75.3000030517578125 77.90000152587890625 79.6999969482421875 81.8000030517578125 83.3000030517578125 82.90000152587890625 82 81.90000152587890625 83.3000030517578125 87.5 89.6999969482421875 89.5 87.09999847412109375 84.8000030517578125 82.40000152587890625 79.90000152587890625 77.3000030517578125 74.90000152587890625 73 70.40000152587890625 69.6999969482421875 73.3000030517578125 74.09999847412109375 72.3000030517578125 70.90000152587890625 71.1999969482421875 73.3000030517578125
67.09999847412109375 64.40000152587890625 63.700000762939453125 62.700000762939453125 61 61.90000152587890625 61.40000152587890625 63.5 64.90000152587890625 64.09999847412109375 60.299999237060546875 57.200000762939453125 58 63.200000762939453125 65.8000030517578125 65.90000152587890625 67.6999969482421875 68.59999847412109375 71.1999969482421875 75.59999847412109375 80.1999969482421875 82.1999969482421875 82.8000030517578125 83.5 83.8000030517578125 84.09999847412109375 85 88.1999969482421875 89.09999847412109375 85.6999969482421875 82.90000152587890625 81.3000030517578125 78.8000030517578125 75.5 72.8000030517578125 71.40000152587890625 71.09999847412109375 68.6999969482421875 66.6999969482421875 68.8000030517578125 69.90000152587890625 68 69.09999847412109375 71.09999847412109375 74.09999847412109375
67 63.59999847412109375 59.700000762939453125 57.40000152587890625 58.200000762939453125 57.700000762939453125 56.700000762939453125 59.200000762939453125 62.09999847412109375 62.09999847412109375 59.200000762939453125 55.40000152587890625 57.200000762939453125 61.5 62.59999847412109375 61.299999237060546875 62.59999847412109375 65.1999969482421875 69.40000152587890625 74.90000152587890625 78.1999969482421875 78.09999847412109375 77.6999969482421875 78.8000030517578125 79.90000152587890625 81.09999847412109375 83.6999969482421875 86.5 86.09999847412109375 82.3000030517578125 78.5 76.59999847412109375 75.59999847412109375 73.90000152587890625 70.09999847412109375 68 66.6999969482421875 65.5 64.5 65.6999969482421875 66 66.1999969482421875 68.59999847412109375 72.1999969482421875 76.1999969482421875
65.8000030517578125 62.90000152587890625 58.59999847412109375 54.5 53.700000762939453125 53.200000762939453125 53.700000762939453125 58.200000762939453125 59.299999237060546875 57.799999237060546875 56.200000762939453125 52.90000152587890625 54.5 57.5 57.700000762939453125 57.700000762939453125 60.799999237060546875 64.90000152587890625 69.6999969482421875 73.40000152587890625 73.90000152587890625 72.3000030517578125 71.09999847412109375 72.5 73.6999969482421875 76.8000030517578125 81.90000152587890625 85.09999847412109375 85.40000152587890625 82.5 78 73.8000030517578125 70.90000152587890625 70.8000030517578125 70.09999847412109375 67.1999969482421875 63.90000152587890625 62.700000762939453125 63.09999847412109375 63.59999847412109375 64.09999847412109375 65.09999847412109375 67.8000030517578125 71.40000152587890625 74.90000152587890625
61.700000762939453125 59.299999237060546875 55.5 53.200000762939453125 49.90000152587890625 49.59999847412109375 53.200000762939453125 57 56.59999847412109375 53.799999237060546875 52.799999237060546875 50.90000152587890625 52.200000762939453125 53.5 54.700000762939453125 58.40000152587890625 61.40000152587890625 64.5 68.40000152587890625 70.59999847412109375 69.40000152587890625 66.5 64.5 65.90000152587890625 69.1999969482421875 73.5 78.40000152587890625 82.59999847412109375 83.09999847412109375 80.40000152587890625 77 72.1999969482421875 67.40000152587890625 67 68.09999847412109375 65.6999969482421875 62.299999237060546875 60.799999237060546875 61.5 62 62.90000152587890625 64.40000152587890625 66.8000030517578125 69.3000030517578125 72.6999969482421875
57.40000152587890625 55.700000762939453125 52.90000152587890625 50.799999237060546875 48.09999847412109375 48.5 52.40000152587890625 54 52.90000152587890625 51.299999237060546875 49.09999847412109375 48.40000152587890625 49.5 52.5 55.90000152587890625 59 62.40000152587890625 65.3000030517578125 66.09999847412109375 66.3000030517578125 64.09999847412109375 61.299999237060546875 59.299999237060546875 61.799999237060546875 66 70.8000030517578125 76.59999847412109375 80.59999847412109375 79.1999969482421875 75.6999969482421875 72.6999969482421875 69.09999847412109375 64.5 63.299999237060546875 64.5 61.700000762939453125 59.299999237060546875 59.09999847412109375 60 60.799999237060546875 62.40000152587890625 64.3000030517578125 66.6999969482421875 69.09999847412109375 72.90000152587890625
54.09999847412109375 52.200000762939453125 50.299999237060546875 47.700000762939453125 45.09999847412109375 46 49.59999847412109375 51.200000762939453125 49.09999847412109375 47.59999847412109375 46.700000762939453125 48.59999847412109375 51.200000762939453125 54.799999237060546875 58.40000152587890625 60.799999237060546875 61.90000152587890625 63.5 62 60.200000762939453125 58.200000762939453125 56 56.40000152587890625 61.200000762939453125 66.59999847412109375 72 76.6999969482421875 78.90000152587890625 75.90000152587890625 71.8000030517578125 67.90000152587890625 64.90000152587890625 61.799999237060546875 59.799999237060546875 61 57.90000152587890625 57.40000152587890625 57.90000152587890625 58.299999237060546875 59.40000152587890625 61 62.799999237060546875 64.8000030517578125 67.1999969482421875 71.3000030517578125
52.59999847412109375 52.09999847412109375 50 46.90000152587890625 43.200000762939453125 42.40000152587890625 45.59999847412109375 47.200000762939453125 45.799999237060546875 43.5 44.5 48.700000762939453125 52.59999847412109375 55.5 57.59999847412109375 58.5 57.90000152587890625 58.299999237060546875 57 54.59999847412109375 52.299999237060546875 52 56.90000152587890625 62.299999237060546875 67.90000152587890625 72.09999847412109375 75.40000152587890625 75.90000152587890625 72.6999969482421875 69 65.3000030517578125 61.700000762939453125 58.59999847412109375 56.700000762939453125 56.299999237060546875 55.5 56.09999847412109375 56.5 57.200000762939453125 58 59.59999847412109375 61.799999237060546875 64.8000030517578125 67.09999847412109375 68.59999847412109375
48 49.799999237060546875 48.09999847412109375 44.40000152587890625 40.40000152587890625 38.59999847412109375 41.59999847412109375 43.40000152587890625 41.90000152587890625 41.09999847412109375 44 47.90000152587890625 50.59999847412109375 52.40000152587890625 54.40000152587890625 54 51.799999237060546875 51.700000762939453125 51 48.90000152587890625 48.40000152587890625 51.5 57.40000152587890625 61.90000152587890625 64.8000030517578125 68.40000152587890625 70.59999847412109375 71.59999847412109375 69 65.3000030517578125 62.299999237060546875 59.5 56.40000152587890625 54.40000152587890625 53.700000762939453125 54.5 54.799999237060546875 55.299999237060546875 56.700000762939453125 58.799999237060546875 61 62.90000152587890625 65.1999969482421875 65.09999847412109375 65
43.799999237060546875 45.90000152587890625 45.799999237060546875 43.799999237060546875 39.799999237060546875 36.299999237060546875 37.5 38.59999847412109375 38.200000762939453125 40.299999237060546875 44.59999847412109375 47.59999847412109375 47.5 47.799999237060546875 49.09999847412109375 49.200000762939453125 46.799999237060546875 45.40000152587890625 44.5 44.5 47.5 52.5 56.40000152587890625 58.09999847412109375 60 63.09999847412109375 65.3000030517578125 66 64.5 61.59999847412109375 57.799999237060546875 55.40000152587890625 53.40000152587890625 52.40000152587890625 52.5 53.200000762939453125 53.90000152587890625 55.200000762939453125 57 59.90000152587890625 62.40000152587890625 63.59999847412109375 63.5 62.59999847412109375 62
39.200000762939453125 40.799999237060546875 40.799999237060546875 40.5 37.90000152587890625 34.5 34.09999847412109375 35.200000762939453125 37 40.299999237060546875 43.700000762939453125 44.59999847412109375 43.299999237060546875 43.40000152587890625 44.5 44.59999847412109375 42.90000152587890625 41.299999237060546875 41 44 47.90000152587890625 51.5 52.799999237060546875 53 55.40000152587890625 58.799999237060546875 62.09999847412109375 61.5 59.299999237060546875 57.09999847412109375 54.40000152587890625 52.299999237060546875 51.200000762939453125 51.09999847412109375 52 53.200000762939453125 54.90000152587890625 57.59999847412109375 58.90000152587890625 59.90000152587890625 60.299999237060546875 61.40000152587890625 60.59999847412109375 59.90000152587890625 60.59999847412109375
35.90000152587890625 35.40000152587890625 35.59999847412109375 35.90000152587890625 34.09999847412109375 31.799999237060546875 31.899999618530273438 34.09999847412109375 36.90000152587890625 39.700000762939453125 41.200000762939453125 40.90000152587890625 39.200000762939453125 39 40.59999847412109375 40.40000152587890625 38.799999237060546875 38.299999237060546875 40.59999847412109375 43.5 45.700000762939453125 47.299999237060546875 48.200000762939453125 50.200000762939453125 54.09999847412109375 59.200000762939453125 62.200000762939453125 59.799999237060546875 56 52.700000762939453125 50.700000762939453125 49.90000152587890625 49.299999237060546875 50.40000152587890625 52.799999237060546875 55.700000762939453125 56.799999237060546875 59.200000762939453125 60.09999847412109375 58.299999237060546875 57.5 58.200000762939453125 58 58.59999847412109375 60.09999847412109375
