input/fake_age_map.txt
ncols        241
nrows        121
xllcorner    -71.200416424533
yllcorner    -33.000416206563
cellsize     0.000833333333
NODATA_value  -9999
[rows 40 to 59 of 121, columns 180 to 224 of 241]
80.6999969482421875 80 79.6999969482421875 80.6999969482421875 80.1999969482421875 80.59999847412109375 80.59999847412109375 81.6999969482421875 82.40000152587890625 81.40000152587890625 79.40000152587890625 78.59999847412109375 79.1999969482421875 78.8000030517578125 79.40000152587890625 80.40000152587890625 81.8000030517578125 83 83.5 83.8000030517578125 85.09999847412109375 85.6999969482421875 86.1999969482421875 87.09999847412109375 88.6999969482421875 89.90000152587890625 91.1999969482421875 92.59999847412109375 93.90000152587890625 95.59999847412109375 97 98.40000152587890625 100.5 103.5 107 110 110.59999847412109375 108 105 102.3000030517578125 99.90000152587890625 98.1999969482421875 96.6999969482421875 95.1999969482421875 96.40000152587890625
82.1999969482421875 81.5 81.59999847412109375 82.40000152587890625 82.8000030517578125 83.3000030517578125 83.40000152587890625 83.90000152587890625 82.90000152587890625 80.6999969482421875 79.59999847412109375 79.8000030517578125 80.6999969482421875 80.40000152587890625 80.3000030517578125 80.90000152587890625 81.90000152587890625 83.3000030517578125 84.8000030517578125 85 85.40000152587890625 86.3000030517578125 87.1999969482421875 87.59999847412109375 89.1999969482421875 90.40000152587890625 91.59999847412109375 92.6999969482421875 93.8000030517578125 94.6999969482421875 95.8000030517578125 97.3000030517578125 99.1999969482421875 102.09999847412109375 105.59999847412109375 108.1999969482421875 108.59999847412109375 107.6999969482421875 106.3000030517578125 105 103.3000030517578125 101.5 100 98.09999847412109375 98.40000152587890625
84 83.8000030517578125 83.40000152587890625 84.5 85 85.09999847412109375 85.40000152587890625 85 83.09999847412109375 80.8000030517578125 81.3000030517578125 81.40000152587890625 81.90000152587890625 82.3000030517578125 81.59999847412109375 81.8000030517578125 82.59999847412109375 83.90000152587890625 85.09999847412109375 85.90000152587890625 86.59999847412109375 87 88.1999969482421875 88.8000030517578125 89.1999969482421875 90.09999847412109375 91.1999969482421875 92.59999847412109375 94.3000030517578125 95.5 96.5 97.90000152587890625 99.09999847412109375 101.09999847412109375 104.3000030517578125 107 108.1999969482421875 109.1999969482421875 109.5 109.1999969482421875 107.90000152587890625 106.09999847412109375 103.90000152587890625 101.40000152587890625 100.40000152587890625
84.59999847412109375 84.3000030517578125 83.6999969482421875 85 86.09999847412109375 86.6999969482421875 86.09999847412109375 84.59999847412109375 82.1999969482421875 81.59999847412109375 83 83.90000152587890625 83.6999969482421875 84.09999847412109375 82.90000152587890625 83 83.40000152587890625 84.40000152587890625 85.8000030517578125 87 87.8000030517578125 88.3000030517578125 88.6999969482421875 89.8000030517578125 91 91.8000030517578125 92.3000030517578125 92.6999969482421875 94.3000030517578125 96 97.59999847412109375 98.5 99.59999847412109375 101.6999969482421875 105.1999969482421875 107.6999969482421875 109.40000152587890625 111.5 113.40000152587890625 114.09999847412109375 112.8000030517578125 111.09999847412109375 108 104.6999969482421875 103.3000030517578125
82.40000152587890625 82.09999847412109375 82.09999847412109375 83.1999969482421875 84.59999847412109375 86.09999847412109375 85.6999969482421875 83.8000030517578125 82.5 83.09999847412109375 84.09999847412109375 85.5 86.3000030517578125 85.59999847412109375 83.8000030517578125 83.6999969482421875 84.59999847412109375 85.59999847412109375 86.1999969482421875 87.5 88.59999847412109375 89.90000152587890625 91 91.40000152587890625 92.40000152587890625 94.09999847412109375 94.3000030517578125 93.8000030517578125 94.3000030517578125 95.8000030517578125 97.5 99 100.5 102.5 105.6999969482421875 108.3000030517578125 111.3000030517578125 114.1999969482421875 117.40000152587890625 120 118.5 115.6999969482421875 112.40000152587890625 108.59999847412109375 106.6999969482421875
79.40000152587890625 79.8000030517578125 80.59999847412109375 81.59999847412109375 82.6999969482421875 84.40000152587890625 84.1999969482421875 83.59999847412109375 84.1999969482421875 84.8000030517578125 86.40000152587890625 87.6999969482421875 87.59999847412109375 86.1999969482421875 84.8000030517578125 85.09999847412109375 86 86.90000152587890625 87.40000152587890625 88.3000030517578125 89.40000152587890625 90.5 91.59999847412109375 92.90000152587890625 93.59999847412109375 95.09999847412109375 96.1999969482421875 96.09999847412109375 96.59999847412109375 97.1999969482421875 97.8000030517578125 98.6999969482421875 100.59999847412109375 102.90000152587890625 105.5 108.09999847412109375 111.6999969482421875 115.5 119.6999969482421875 122.90000152587890625 122.5 119.59999847412109375 116.09999847412109375 113.40000152587890625 111.3000030517578125
77.40000152587890625 78.6999969482421875 79.6999969482421875 80.90000152587890625 82.40000152587890625 83 82.90000152587890625 83.5 84.6999969482421875 86.1999969482421875 87.6999969482421875 89 88.1999969482421875 86.90000152587890625 86 86.3000030517578125 87.09999847412109375 88.3000030517578125 88.90000152587890625 89.3000030517578125 90.40000152587890625 91.40000152587890625 92.5 93.5 94.8000030517578125 96.40000152587890625 98 98.59999847412109375 98.8000030517578125 100.09999847412109375 100.8000030517578125 101 100.90000152587890625 102.40000152587890625 105 108.59999847412109375 112.09999847412109375 115.1999969482421875 118.3000030517578125 121.8000030517578125 123 120.8000030517578125 118.1999969482421875 116.1999969482421875 114.90000152587890625
77.8000030517578125 78.59999847412109375 79.5 80.40000152587890625 81.40000152587890625 82.1999969482421875 82.90000152587890625 83.6999969482421875 84.59999847412109375 86.09999847412109375 87.40000152587890625 88.8000030517578125 89.09999847412109375 88.09999847412109375 87.09999847412109375 87.3000030517578125 88.09999847412109375 89.59999847412109375 91 91.09999847412109375 91.5 92.09999847412109375 93.09999847412109375 94.1999969482421875 95.5 96.59999847412109375 98.1999969482421875 99.8000030517578125 100.5 102.3000030517578125 103.40000152587890625 103.8000030517578125 104.09999847412109375 103.3000030517578125 104.90000152587890625 108 110.5 112.40000152587890625 114.8000030517578125 118.5 121.09999847412109375 120.6999969482421875 119.8000030517578125 118.40000152587890625 117.6999969482421875
78.6999969482421875 79.5 80.1999969482421875 81 81.6999969482421875 82.59999847412109375 83.59999847412109375 84.40000152587890625 85 86.3000030517578125 87.59999847412109375 89 89.90000152587890625 89 88.59999847412109375 88.90000152587890625 89 90.09999847412109375 92.09999847412109375 92.6999969482421875 93.09999847412109375 93.40000152587890625 93.6999969482421875 95.09999847412109375 96.1999969482421875 97.3000030517578125 98.5 99.90000152587890625 101.3000030517578125 103 104.90000152587890625 106.59999847412109375 107.90000152587890625 108.3000030517578125 108.5 108.90000152587890625 109.5 110.6999969482421875 112.09999847412109375 114.3000030517578125 117.09999847412109375 118.59999847412109375 120.3000030517578125 120.59999847412109375 120.09999847412109375
78.59999847412109375 79.6999969482421875 80.8000030517578125 81.59999847412109375 82.59999847412109375 83.59999847412109375 84.6999969482421875 85.40000152587890625 85.90000152587890625 86.5 87.59999847412109375 88.6999969482421875 89.8000030517578125 89.90000152587890625 90.40000152587890625 91 90.40000152587890625 90.5 91.90000152587890625 93.3000030517578125 94.1999969482421875 95.1999969482421875 95.59999847412109375 97 98.59999847412109375 99 100 101.5 102.5 103.5 105.5 108.09999847412109375 110.8000030517578125 112.6999969482421875 112.8000030517578125 112.8000030517578125 112.1999969482421875 112.8000030517578125 113.6999969482421875 114.3000030517578125 115.40000152587890625 116.59999847412109375 118.8000030517578125 120.40000152587890625 121.1999969482421875
80.8000030517578125 80.59999847412109375 81.5 82.59999847412109375 83.5 84.5 85.3000030517578125 86 86.8000030517578125 87.6999969482421875 88.5 89.8000030517578125 90.90000152587890625 91.3000030517578125 92.1999969482421875 92.8000030517578125 91.5 92 92.90000152587890625 93.40000152587890625 94.40000152587890625 96.09999847412109375 97.6999969482421875 99.8000030517578125 101.90000152587890625 101.40000152587890625 102.5 104.09999847412109375 104.90000152587890625 105.40000152587890625 106.5 109.40000152587890625 113.09999847412109375 115.90000152587890625 116.90000152587890625 116.6999969482421875 116.40000152587890625 117.59999847412109375 118.09999847412109375 117.1999969482421875 116.59999847412109375 117.09999847412109375 118.3000030517578125 120.1999969482421875 121.6999969482421875
82.8000030517578125 82.40000152587890625 82.8000030517578125 83.90000152587890625 84.5 85.5 86.3000030517578125 87.40000152587890625 88 88.8000030517578125 89.40000152587890625 90.1999969482421875 91.5 92.40000152587890625 93.59999847412109375 94.1999969482421875 93.59999847412109375 94.8000030517578125 95.3000030517578125 95.6999969482421875 96.40000152587890625 97.5 99.1999969482421875 101.90000152587890625 104.5 104.8000030517578125 105.1999969482421875 106.3000030517578125 106.90000152587890625 107.3000030517578125 108 110.90000152587890625 114.6999969482421875 118.40000152587890625 120.8000030517578125 120.59999847412109375 120.6999969482421875 121.6999969482421875 121.09999847412109375 119.40000152587890625 118.5 119 119.59999847412109375 120.6999969482421875 122.09999847412109375
84.6999969482421875 84.3000030517578125 84.5 85.5 86.09999847412109375 86.5 87.40000152587890625 88.1999969482421875 89.3000030517578125 90.40000152587890625 90.8000030517578125 91.40000152587890625 92.1999969482421875 93 94.40000152587890625 95.6999969482421875 96.1999969482421875 97.6999969482421875 98.5 99.1999969482421875 100.6999969482421875 100.90000152587890625 101.90000152587890625 104.09999847412109375 106.6999969482421875 108 108.6999969482421875 109.1999969482421875 109.59999847412109375 109.5 109.3000030517578125 112.5 116.90000152587890625 121.40000152587890625 124.09999847412109375 124.90000152587890625 124.6999969482421875 123.6999969482421875 121.8000030517578125 121 121.09999847412109375 121 121.1999969482421875 121.6999969482421875 122.90000152587890625
87.40000152587890625 87 86.8000030517578125 87.6999969482421875 88.1999969482421875 88.3000030517578125 88.40000152587890625 89.1999969482421875 90.3000030517578125 92.09999847412109375 92.3000030517578125 92.5 93.5 94.3000030517578125 95.1999969482421875 96.3000030517578125 97.5 99.3000030517578125 100.90000152587890625 103 105 106.09999847412109375 106.3000030517578125 107.1999969482421875 109.6999969482421875 111.8000030517578125 112.59999847412109375 113.09999847412109375 113.09999847412109375 112.5 111.5 113.3000030517578125 118 123.40000152587890625 126.59999847412109375 127.6999969482421875 127.09999847412109375 125.90000152587890625 124.3000030517578125 123.59999847412109375 123.40000152587890625 123.40000152587890625 123.3000030517578125 123.59999847412109375 124.59999847412109375
90.5 90.59999847412109375 90.3000030517578125 90.6999969482421875 91.3000030517578125 91.40000152587890625 90.1999969482421875 90.3000030517578125 91.40000152587890625 92.59999847412109375 93.5 93.90000152587890625 94.90000152587890625 95.59999847412109375 96.5 97.1999969482421875 98.59999847412109375 100 102.90000152587890625 105 107.1999969482421875 109.40000152587890625 110.8000030517578125 111.5 113.3000030517578125 115.59999847412109375 117.09999847412109375 118.09999847412109375 117.8000030517578125 116.1999969482421875 114.5 114.40000152587890625 118.3000030517578125 123.8000030517578125 127 128.600006103515625 129.399993896484375 129.399993896484375 128.100006103515625 126.8000030517578125 125.6999969482421875 125.40000152587890625 125.5 126 127.3000030517578125
95 95.09999847412109375 95 95 94.59999847412109375 93.40000152587890625 91.8000030517578125 91.59999847412109375 92.6999969482421875 93.59999847412109375 94.3000030517578125 95.5 96.8000030517578125 97.40000152587890625 98.40000152587890625 99.59999847412109375 101 102.40000152587890625 103.59999847412109375 105.6999969482421875 108.40000152587890625 111.6999969482421875 114.5 116.09999847412109375 118.09999847412109375 120 122.1999969482421875 123.1999969482421875 122.1999969482421875 119.90000152587890625 118.1999969482421875 117 118.6999969482421875 122.6999969482421875 126 128.6999969482421875 132 133.399993896484375 132.5 130.1999969482421875 128.3000030517578125 128.100006103515625 129.100006103515625 129.899993896484375 130.6999969482421875
100.59999847412109375 101.09999847412109375 100.40000152587890625 99.3000030517578125 97.40000152587890625 95.6999969482421875 94.40000152587890625 94.3000030517578125 94.3000030517578125 95.09999847412109375 96 96.6999969482421875 98 99 100.1999969482421875 102.40000152587890625 104.8000030517578125 106.40000152587890625 106.6999969482421875 108.1999969482421875 110.09999847412109375 112.59999847412109375 115.5 118.8000030517578125 122.59999847412109375 125.8000030517578125 127.8000030517578125 128.899993896484375 127.09999847412109375 124 121.59999847412109375 119.8000030517578125 119.8000030517578125 122.3000030517578125 125.1999969482421875 129 133.3000030517578125 136.3000030517578125 136.3000030517578125 133.5 130.899993896484375 131.1999969482421875 132.8000030517578125 133.8000030517578125 134.3000030517578125
104.8000030517578125 106.90000152587890625 105.59999847412109375 103.3000030517578125 100.6999969482421875 98.59999847412109375 98 97.3000030517578125 96.90000152587890625 97 97.90000152587890625 98.6999969482421875 99.3000030517578125 100.5 101.59999847412109375 103.09999847412109375 105.90000152587890625 108.59999847412109375 110.09999847412109375 111.59999847412109375 112.90000152587890625 114 117 121.5 126 129.6999969482421875 133 134.3000030517578125 131.600006103515625 128.6999969482421875 125.8000030517578125 123.3000030517578125 122.6999969482421875 124.40000152587890625 126.6999969482421875 130.8000030517578125 134.899993896484375 138.899993896484375 139.6999969482421875 136.5 133.899993896484375 134.899993896484375 136.8000030517578125 137.3000030517578125 138.6999969482421875
106.5 109.8000030517578125 109.90000152587890625 107 104.09999847412109375 101.90000152587890625 100.59999847412109375 99.6999969482421875 99.6999969482421875 99 99.40000152587890625 100.3000030517578125 101.40000152587890625 102.3000030517578125 103.09999847412109375 104.40000152587890625 105.6999969482421875 107.6999969482421875 110.8000030517578125 113.59999847412109375 115.40000152587890625 117.40000152587890625 120.6999969482421875 124.5 129.6999969482421875 134.399993896484375 138 139.8000030517578125 137.1999969482421875 133.6999969482421875 130.600006103515625 127.8000030517578125 126.5 127.1999969482421875 129.6999969482421875 133.600006103515625 137.399993896484375 141.6999969482421875 142.8000030517578125 139.5 137.600006103515625 139.100006103515625 141 142.399993896484375 144.1999969482421875
105.1999969482421875 108.90000152587890625 110.1999969482421875 108.6999969482421875 106.09999847412109375 104.5 103.8000030517578125 103.3000030517578125 102.59999847412109375 101.6999969482421875 101.6999969482421875 102.1999969482421875 102.8000030517578125 103.59999847412109375 104.6999969482421875 105.8000030517578125 107.3000030517578125 109 110.6999969482421875 112.8000030517578125 115.40000152587890625 117.8000030517578125 120.8000030517578125 125 130.3000030517578125 135.6999969482421875 141 145 143 139.399993896484375 136 132.899993896484375 131 130.8000030517578125 133.3000030517578125 137 141.3000030517578125 145.8000030517578125 146.8000030517578125 143.8000030517578125 142.3000030517578125 143.8000030517578125 146.399993896484375 147.899993896484375 149.600006103515625
