input/fake_age_map_u.txt
ncols        241
nrows        121
xllcorner    -71.200416424533
yllcorner    -33.000416206563
cellsize     0.000833333333
NODATA_value  -9999
[rows 36 to 53 of 121, columns 41 to 81 of 241]
9.5500001907348632812 9.7200002670288085938 9.8800001144409179688 10.060000419616699219 10.279999732971191406 10.510000228881835938 10.810000419616699219 11.149999618530273438 11.510000228881835938 11.859999656677246094 12.260000228881835938 12.68000030517578125 13.109999656677246094 13.600000381469726562 14.010000228881835938 14.279999732971191406 14.489999771118164062 14.869999885559082031 15.119999885559082031 14.970000267028808594 14.600000381469726562 14.239999771118164062 14.039999961853027344 13.829999923706054688 13.439999580383300781 12.989999771118164062 12.579999923706054688 12.199999809265136719 12 11.770000457763671875 11.560000419616699219 11.380000114440917969 11.270000457763671875 11.079999923706054688 10.770000457763671875 10.710000038146972656 10.729999542236328125 10.329999923706054688 9.7799997329711914062 9.25 8.8299999237060546875
9.8900003433227539062 10.06999969482421875 10.300000190734863281 10.529999732971191406 10.699999809265136719 10.890000343322753906 11.060000419616699219 11.279999732971191406 11.560000419616699219 11.840000152587890625 12.220000267028808594 12.609999656677246094 12.960000038146972656 13.279999732971191406 13.5 13.720000267028808594 13.970000267028808594 14.310000419616699219 14.630000114440917969 14.770000457763671875 14.710000038146972656 14.579999923706054688 14.43000030517578125 14.159999847412109375 13.779999732971191406 13.340000152587890625 12.899999618530273438 12.739999771118164062 12.689999580383300781 12.460000038146972656 12.189999580383300781 11.909999847412109375 11.810000419616699219 11.689999580383300781 11.399999618530273438 11.140000343322753906 10.920000076293945312 10.539999961853027344 10.010000228881835938 9.6300001144409179688 9.1400003433227539062
10.220000267028808594 10.470000267028808594 10.770000457763671875 11.029999732971191406 11.369999885559082031 11.550000190734863281 11.640000343322753906 11.729999542236328125 11.93000030517578125 12.100000381469726562 12.399999618530273438 12.590000152587890625 12.699999809265136719 12.739999771118164062 12.840000152587890625 13 13.340000152587890625 13.880000114440917969 14.060000419616699219 14.170000076293945312 14.229999542236328125 14.220000267028808594 14.289999961853027344 14.310000419616699219 14.06999969482421875 13.739999771118164062 13.470000267028808594 13.329999923706054688 13.220000267028808594 12.979999542236328125 12.670000076293945312 12.279999732971191406 11.909999847412109375 11.619999885559082031 11.300000190734863281 10.909999847412109375 10.560000419616699219 10.279999732971191406 10.06999969482421875 9.7899999618530273438 9.3999996185302734375
10.510000228881835938 10.760000228881835938 10.970000267028808594 11.25 11.470000267028808594 11.659999847412109375 11.619999885559082031 11.460000038146972656 11.539999961853027344 11.739999771118164062 11.979999542236328125 12.109999656677246094 12.090000152587890625 12.060000419616699219 12.220000267028808594 12.529999732971191406 12.899999618530273438 13.310000419616699219 13.470000267028808594 13.56999969482421875 13.670000076293945312 13.770000457763671875 14 14.340000152587890625 14.489999771118164062 14.390000343322753906 14.270000457763671875 14.090000152587890625 13.81999969482421875 13.300000190734863281 12.859999656677246094 12.340000152587890625 11.869999885559082031 11.479999542236328125 11.210000038146972656 10.850000381469726562 10.43000030517578125 10.079999923706054688 9.8599996566772460938 9.6700000762939453125 9.3599996566772460938
10.380000114440917969 10.510000228881835938 10.609999656677246094 10.800000190734863281 10.869999885559082031 11.060000419616699219 11.159999847412109375 10.909999847412109375 10.949999809265136719 11.189999580383300781 11.5 11.619999885559082031 11.520000457763671875 11.479999542236328125 11.699999809265136719 12.119999885559082031 12.420000076293945312 12.600000381469726562 12.779999732971191406 12.970000267028808594 13.170000076293945312 13.489999771118164062 13.989999771118164062 14.470000267028808594 14.850000381469726562 15 14.869999885559082031 14.529999732971191406 14.079999923706054688 13.460000038146972656 13.060000419616699219 12.640000343322753906 12.229999542236328125 11.829999923706054688 11.520000457763671875 11.239999771118164062 10.869999885559082031 10.489999771118164062 10.06999969482421875 9.7899999618530273438 9.479999542236328125
9.9700002670288085938 9.9899997711181640625 10.020000457763671875 10.140000343322753906 10.260000228881835938 10.399999618530273438 10.529999732971191406 10.380000114440917969 10.390000343322753906 10.659999847412109375 10.989999771118164062 11.050000190734863281 10.899999618530273438 11.010000228881835938 11.31999969482421875 11.640000343322753906 11.81999969482421875 12.010000228881835938 12.25 12.640000343322753906 13.079999923706054688 13.640000343322753906 14.170000076293945312 14.590000152587890625 14.829999923706054688 15.060000419616699219 14.979999542236328125 14.550000190734863281 14.050000190734863281 13.590000152587890625 13.260000228881835938 12.770000457763671875 12.310000419616699219 11.859999656677246094 11.460000038146972656 11.189999580383300781 11.020000457763671875 10.720000267028808594 10.270000457763671875 9.8900003433227539062 9.5399999618530273438
9.5600004196166992188 9.5299997329711914062 9.4600000381469726562 9.5100002288818359375 9.6000003814697265625 9.7899999618530273438 9.9499998092651367188 9.8599996566772460938 9.8800001144409179688 10.170000076293945312 10.449999809265136719 10.43000030517578125 10.31999969482421875 10.579999923706054688 10.869999885559082031 11.050000190734863281 11.409999847412109375 11.810000419616699219 12.270000457763671875 12.789999961853027344 13.359999656677246094 13.909999847412109375 14.199999809265136719 14.279999732971191406 14.380000114440917969 14.590000152587890625 14.75 14.470000267028808594 13.93000030517578125 13.479999542236328125 13.06999969482421875 12.619999885559082031 12.149999618530273438 11.770000457763671875 11.310000419616699219 11.029999732971191406 10.720000267028808594 10.420000076293945312 10.159999847412109375 9.81999969482421875 9.5500001907348632812
9.270000457763671875 9.06999969482421875 9.0399999618530273438 9.020000457763671875 9.0600004196166992188 9.18000030517578125 9.3699998855590820312 9.3100004196166992188 9.31999969482421875 9.5799999237060546875 9.770000457763671875 9.770000457763671875 9.8999996185302734375 10.229999542236328125 10.600000381469726562 10.989999771118164062 11.5 12.090000152587890625 12.609999656677246094 13.06999969482421875 13.520000457763671875 13.810000419616699219 13.859999656677246094 13.800000190734863281 13.939999580383300781 14.229999542236328125 14.529999732971191406 14.579999923706054688 14.199999809265136719 13.720000267028808594 13.369999885559082031 13 12.550000190734863281 12.06999969482421875 11.510000228881835938 11.170000076293945312 10.850000381469726562 10.579999923706054688 10.270000457763671875 9.8800001144409179688 9.6499996185302734375
9 8.6300001144409179688 8.6000003814697265625 8.56999969482421875 8.5299997329711914062 8.6300001144409179688 8.7899999618530273438 8.7399997711181640625 8.7799997329711914062 8.9399995803833007812 9.159999847412109375 9.4399995803833007812 9.8999996185302734375 10.390000343322753906 10.869999885559082031 11.310000419616699219 11.75 12.229999542236328125 12.489999771118164062 12.850000381469726562 13.25 13.439999580383300781 13.449999809265136719 13.369999885559082031 13.560000419616699219 13.909999847412109375 14.289999961853027344 14.420000076293945312 14.140000343322753906 13.729999542236328125 13.279999732971191406 12.869999885559082031 12.579999923706054688 12.25 11.850000381469726562 11.310000419616699219 10.960000038146972656 10.550000190734863281 10.18000030517578125 9.9600000381469726562 10.010000228881835938
8.6400003433227539062 8.229999542236328125 8.2100000381469726562 8.2200002670288085938 8.1199998855590820312 8.1400003433227539062 8.229999542236328125 8.31999969482421875 8.5399999618530273438 8.909999847412109375 9.2600002288818359375 9.75 10.239999771118164062 10.720000267028808594 11.090000152587890625 11.329999923706054688 11.579999923706054688 11.789999961853027344 12.020000457763671875 12.380000114440917969 12.760000228881835938 12.93000030517578125 12.93000030517578125 12.989999771118164062 13.25 13.609999656677246094 13.880000114440917969 13.960000038146972656 13.689999580383300781 13.31999969482421875 12.939999580383300781 12.550000190734863281 12.270000457763671875 12.039999961853027344 11.649999618530273438 11.06999969482421875 10.68000030517578125 10.449999809265136719 10.449999809265136719 10.479999542236328125 10.479999542236328125
8.1999998092651367188 7.9000000953674316406 7.7800002098083496094 7.8600001335144042969 7.7399997711181640625 7.8499999046325683594 8.1099996566772460938 8.4399995803833007812 8.8999996185302734375 9.4200000762939453125 9.8699998855590820312 10.239999771118164062 10.550000190734863281 10.760000228881835938 10.829999923706054688 10.899999618530273438 11.050000190734863281 11.159999847412109375 11.529999732971191406 11.93000030517578125 12.140000343322753906 12.310000419616699219 12.390000343322753906 12.659999847412109375 13.020000457763671875 13.310000419616699219 13.489999771118164062 13.579999923706054688 13.350000381469726562 13.010000228881835938 12.630000114440917969 12.279999732971191406 11.970000267028808594 11.729999542236328125 11.399999618530273438 11.029999732971191406 10.880000114440917969 10.899999618530273438 10.949999809265136719 10.890000343322753906 10.630000114440917969
7.6999998092651367188 7.5 7.3899998664855957031 7.4800000190734863281 7.5599999427795410156 7.8299999237060546875 8.2600002288818359375 8.7899999618530273438 9.340000152587890625 9.8000001907348632812 10.18000030517578125 10.340000152587890625 10.369999885559082031 10.350000381469726562 10.239999771118164062 10.31999969482421875 10.409999847412109375 10.630000114440917969 11.060000419616699219 11.369999885559082031 11.529999732971191406 11.68000030517578125 11.93000030517578125 12.350000381469726562 12.710000038146972656 12.960000038146972656 13.229999542236328125 13.479999542236328125 13.350000381469726562 13.020000457763671875 12.68000030517578125 12.359999656677246094 12.170000076293945312 11.960000038146972656 11.710000038146972656 11.489999771118164062 11.479999542236328125 11.449999809265136719 11.220000267028808594 10.890000343322753906 10.689999580383300781
7.2300000190734863281 7.090000152587890625 7.1199998855590820312 7.3299999237060546875 7.5799999237060546875 7.8800001144409179688 8.31999969482421875 8.909999847412109375 9.520000457763671875 9.8500003814697265625 10 10.010000228881835938 9.979999542236328125 9.770000457763671875 9.6999998092651367188 9.8000001907348632812 9.9499998092651367188 10.220000267028808594 10.510000228881835938 10.829999923706054688 11.050000190734863281 11.390000343322753906 11.770000457763671875 12.149999618530273438 12.479999542236328125 12.81999969482421875 13.229999542236328125 13.590000152587890625 13.659999847412109375 13.399999618530273438 13.060000419616699219 12.859999656677246094 12.710000038146972656 12.449999809265136719 12.260000228881835938 12.100000381469726562 11.890000343322753906 11.590000152587890625 11.310000419616699219 11.210000038146972656 11.199999809265136719
6.8000001907348632812 6.909999847412109375 7.1100001335144042969 7.409999847412109375 7.8099999427795410156 8.1899995803833007812 8.5600004196166992188 9.0100002288818359375 9.3699998855590820312 9.4200000762939453125 9.479999542236328125 9.520000457763671875 9.3599996566772460938 9.2200002670288085938 9.1999998092651367188 9.43000030517578125 9.7600002288818359375 10.06999969482421875 10.409999847412109375 10.720000267028808594 11.090000152587890625 11.489999771118164062 11.829999923706054688 12.220000267028808594 12.600000381469726562 13.060000419616699219 13.420000076293945312 13.75 13.960000038146972656 13.770000457763671875 13.600000381469726562 13.510000228881835938 13.340000152587890625 13.090000152587890625 12.800000190734863281 12.470000267028808594 12.119999885559082031 11.850000381469726562 11.739999771118164062 11.75 11.630000114440917969
6.6199998855590820312 6.8600001335144042969 7.2199997901916503906 7.6199998855590820312 7.9800000190734863281 8.3699998855590820312 8.7899999618530273438 8.9600000381469726562 8.8900003433227539062 8.770000457763671875 8.909999847412109375 8.9399995803833007812 8.81999969482421875 8.8500003814697265625 9.229999542236328125 9.7399997711181640625 10.18000030517578125 10.539999961853027344 10.93000030517578125 11.210000038146972656 11.590000152587890625 11.880000114440917969 12.140000343322753906 12.479999542236328125 12.899999618530273438 13.340000152587890625 13.619999885559082031 13.770000457763671875 13.739999771118164062 13.630000114440917969 13.579999923706054688 13.659999847412109375 13.75 13.590000152587890625 13.260000228881835938 12.939999580383300781 12.619999885559082031 12.43000030517578125 12.359999656677246094 12.18000030517578125 11.869999885559082031
6.5100002288818359375 6.7800002098083496094 7.1399998664855957031 7.4899997711181640625 7.8499999046325683594 8.25 8.5299997329711914062 8.4200000762939453125 8.2899999618530273438 8.2100000381469726562 8.2399997711181640625 8.25 8.3699998855590820312 8.8299999237060546875 9.3699998855590820312 9.9600000381469726562 10.529999732971191406 11.010000228881835938 11.380000114440917969 11.68000030517578125 12.100000381469726562 12.420000076293945312 12.710000038146972656 12.909999847412109375 13.159999847412109375 13.350000381469726562 13.329999923706054688 13.310000419616699219 13.229999542236328125 13.050000190734863281 13.060000419616699219 13.229999542236328125 13.369999885559082031 13.399999618530273438 13.399999618530273438 13.31999969482421875 13.199999809265136719 13.060000419616699219 12.920000076293945312 12.649999618530273438 12.340000152587890625
6.4400000572204589844 6.6799998283386230469 6.9299998283386230469 7.2699999809265136719 7.6300001144409179688 8.020000457763671875 8.1999998092651367188 8.0299997329711914062 7.7899999618530273438 7.75 7.8200001716613769531 8.1000003814697265625 8.6199998855590820312 9.159999847412109375 9.6499996185302734375 10.18000030517578125 10.75 11.18000030517578125 11.510000228881835938 11.829999923706054688 12.140000343322753906 12.479999542236328125 12.840000152587890625 13.090000152587890625 13.140000343322753906 12.970000267028808594 12.810000419616699219 12.81999969482421875 12.829999923706054688 12.609999656677246094 12.56999969482421875 12.729999542236328125 12.850000381469726562 12.989999771118164062 13.220000267028808594 13.239999771118164062 13.079999923706054688 12.989999771118164062 12.949999809265136719 12.920000076293945312 12.619999885559082031
6.4299998283386230469 6.6700000762939453125 6.909999847412109375 7.2899999618530273438 7.5199999809265136719 7.7100000381469726562 7.7600002288818359375 7.5799999237060546875 7.3899998664855957031 7.4899997711181640625 7.8299999237060546875 8.3500003814697265625 8.909999847412109375 9.4700002670288085938 9.9399995803833007812 10.399999618530273438 10.739999771118164062 10.960000038146972656 11.159999847412109375 11.43000030517578125 11.75 12.18000030517578125 12.670000076293945312 12.960000038146972656 12.779999732971191406 12.489999771118164062 12.359999656677246094 12.369999885559082031 12.5 12.260000228881835938 12.119999885559082031 12.310000419616699219 12.5 12.779999732971191406 13.020000457763671875 12.949999809265136719 12.68000030517578125 12.5 12.520000457763671875 12.640000343322753906 12.649999618530273438
