input/fake_age_map_u.txt
ncols        241
nrows        121
xllcorner    -71.200416424533
yllcorner    -33.000416206563
cellsize     0.000833333333
NODATA_value  -9999
[rows 72 to 89 of 121, columns 82 to 122 of 241]
11.779999732971191406 12.090000152587890625 12.420000076293945312 12.68000030517578125 13.050000190734863281 13.350000381469726562 13.479999542236328125 13.199999809265136719 13.100000381469726562 13.18000030517578125 13.279999732971191406 13.439999580383300781 13.560000419616699219 13.93000030517578125 14.420000076293945312 14.970000267028808594 15.380000114440917969 15.720000267028808594 16.100000381469726562 16.159999847412109375 15.810000419616699219 15.220000267028808594 14.460000038146972656 13.970000267028808594 13.489999771118164062 13.260000228881835938 13.06999969482421875 12.550000190734863281 11.880000114440917969 11.359999656677246094 10.829999923706054688 10.229999542236328125 9.75 9.4499998092651367188 9.18000030517578125 8.8999996185302734375 8.6199998855590820312 8.3999996185302734375 8.3699998855590820312 8.3299999237060546875 8.2200002670288085938
12.260000228881835938 12.479999542236328125 12.670000076293945312 12.960000038146972656 13.159999847412109375 13.109999656677246094 12.93000030517578125 12.729999542236328125 12.609999656677246094 12.68000030517578125 12.829999923706054688 12.989999771118164062 13.149999618530273438 13.640000343322753906 14.140000343322753906 14.5 14.850000381469726562 15.130000114440917969 15.560000419616699219 16.090000152587890625 16.059999465942382812 15.489999771118164062 14.840000152587890625 14.329999923706054688 14.06999969482421875 13.840000152587890625 13.369999885559082031 12.550000190734863281 11.899999618530273438 11.420000076293945312 10.939999580383300781 10.420000076293945312 10.06999969482421875 9.659999847412109375 9.3100004196166992188 8.93000030517578125 8.6899995803833007812 8.6000003814697265625 8.590000152587890625 8.4499998092651367188 8.1999998092651367188
13.039999961853027344 13.090000152587890625 13.220000267028808594 13.310000419616699219 13.18000030517578125 12.899999618530273438 12.479999542236328125 12.199999809265136719 12.119999885559082031 12.25 12.380000114440917969 12.460000038146972656 12.869999885559082031 13.31999969482421875 13.710000038146972656 14.050000190734863281 14.340000152587890625 14.689999580383300781 15.090000152587890625 15.539999961853027344 15.81999969482421875 15.630000114440917969 15.25 14.81999969482421875 14.350000381469726562 13.920000076293945312 13.31999969482421875 12.630000114440917969 12.060000419616699219 11.560000419616699219 11.010000228881835938 10.520000457763671875 10.170000076293945312 9.7899999618530273438 9.5299997329711914062 9.340000152587890625 9.0799999237060546875 8.8800001144409179688 8.7399997711181640625 8.4600000381469726562 8.1899995803833007812
13.409999847412109375 13.359999656677246094 13.390000343322753906 13.18000030517578125 12.850000381469726562 12.510000228881835938 12.18000030517578125 11.810000419616699219 11.710000038146972656 11.789999961853027344 11.93000030517578125 12.06999969482421875 12.550000190734863281 12.890000343322753906 13.210000038146972656 13.529999732971191406 13.850000381469726562 14.229999542236328125 14.590000152587890625 15.029999732971191406 15.470000267028808594 15.729999542236328125 15.56999969482421875 15.100000381469726562 14.31999969482421875 13.729999542236328125 13.270000457763671875 12.770000457763671875 12.159999847412109375 11.520000457763671875 11 10.710000038146972656 10.579999923706054688 10.31999969482421875 10.06999969482421875 9.729999542236328125 9.3599996566772460938 8.9899997711181640625 8.729999542236328125 8.5399999618530273438 8.2799997329711914062
13.079999923706054688 12.979999542236328125 12.890000343322753906 12.789999961853027344 12.439999580383300781 12.039999961853027344 11.739999771118164062 11.420000076293945312 11.329999923706054688 11.390000343322753906 11.539999961853027344 11.779999732971191406 12.149999618530273438 12.479999542236328125 12.789999961853027344 13.149999618530273438 13.479999542236328125 13.81999969482421875 14.210000038146972656 14.609999656677246094 14.939999580383300781 15.340000152587890625 15.539999961853027344 15.119999885559082031 14.390000343322753906 13.720000267028808594 13.170000076293945312 12.579999923706054688 12.010000228881835938 11.579999923706054688 11.189999580383300781 10.850000381469726562 10.56999969482421875 10.310000419616699219 10 9.590000152587890625 9.2600002288818359375 9 8.75 8.5600004196166992188 8.3599996566772460938
12.449999809265136719 12.409999847412109375 12.359999656677246094 12.300000190734863281 11.920000076293945312 11.619999885559082031 11.390000343322753906 11.06999969482421875 10.93000030517578125 11.039999961853027344 11.229999542236328125 11.489999771118164062 11.729999542236328125 12.060000419616699219 12.43000030517578125 12.840000152587890625 13.090000152587890625 13.359999656677246094 13.729999542236328125 14.06999969482421875 14.460000038146972656 14.939999580383300781 15.31999969482421875 14.939999580383300781 14.369999885559082031 13.75 13.100000381469726562 12.470000267028808594 11.859999656677246094 11.43000030517578125 11.06999969482421875 10.689999580383300781 10.340000152587890625 10.039999961853027344 9.7799997329711914062 9.5 9.270000457763671875 9.0100002288818359375 8.8100004196166992188 8.6499996185302734375 8.56999969482421875
11.869999885559082031 11.840000152587890625 11.800000190734863281 11.800000190734863281 11.43000030517578125 11.149999618530273438 11 10.68000030517578125 10.560000419616699219 10.720000267028808594 10.949999809265136719 11.239999771118164062 11.510000228881835938 11.770000457763671875 12.119999885559082031 12.43000030517578125 12.689999580383300781 12.979999542236328125 13.279999732971191406 13.600000381469726562 14.06999969482421875 14.529999732971191406 14.890000343322753906 14.75 14.270000457763671875 13.56999969482421875 13 12.449999809265136719 11.890000343322753906 11.449999809265136719 11.029999732971191406 10.619999885559082031 10.300000190734863281 9.979999542236328125 9.75 9.479999542236328125 9.2399997711181640625 9.0299997329711914062 8.8599996566772460938 8.7200002670288085938 8.8100004196166992188
11.340000152587890625 11.340000152587890625 11.210000038146972656 11.340000152587890625 11.130000114440917969 10.770000457763671875 10.510000228881835938 10.279999732971191406 10.189999580383300781 10.409999847412109375 10.770000457763671875 10.989999771118164062 11.159999847412109375 11.380000114440917969 11.640000343322753906 11.939999580383300781 12.279999732971191406 12.560000419616699219 12.909999847412109375 13.310000419616699219 13.810000419616699219 14.149999618530273438 14.289999961853027344 14.199999809265136719 14.020000457763671875 13.539999961853027344 13.020000457763671875 12.489999771118164062 11.960000038146972656 11.5 11.100000381469726562 10.699999809265136719 10.329999923706054688 10.079999923706054688 9.8299999237060546875 9.5399999618530273438 9.3100004196166992188 9.159999847412109375 9.0399999618530273438 9.0399999618530273438 9.25
10.800000190734863281 10.859999656677246094 10.760000228881835938 10.920000076293945312 10.75 10.390000343322753906 10.090000152587890625 9.8599996566772460938 9.8999996185302734375 10.199999809265136719 10.529999732971191406 10.649999618530273438 10.779999732971191406 10.970000267028808594 11.239999771118164062 11.609999656677246094 11.93000030517578125 12.239999771118164062 12.640000343322753906 13.010000228881835938 13.359999656677246094 13.560000419616699219 13.560000419616699219 13.479999542236328125 13.470000267028808594 13.449999809265136719 13.039999961853027344 12.479999542236328125 11.939999580383300781 11.489999771118164062 10.989999771118164062 10.609999656677246094 10.310000419616699219 10.090000152587890625 9.8800001144409179688 9.6700000762939453125 9.5299997329711914062 9.5100002288818359375 9.340000152587890625 9.2600002288818359375 9.520000457763671875
10.449999809265136719 10.380000114440917969 10.31999969482421875 10.470000267028808594 10.340000152587890625 10 9.7100000381469726562 9.5500001907348632812 9.6899995803833007812 9.9899997711181640625 10.210000038146972656 10.380000114440917969 10.520000457763671875 10.729999542236328125 11.020000457763671875 11.340000152587890625 11.720000267028808594 12.050000190734863281 12.289999961853027344 12.539999961853027344 12.829999923706054688 12.829999923706054688 12.779999732971191406 12.729999542236328125 12.729999542236328125 12.810000419616699219 12.899999618530273438 12.520000457763671875 12.010000228881835938 11.520000457763671875 11.060000419616699219 10.810000419616699219 10.649999618530273438 10.479999542236328125 10.210000038146972656 9.93000030517578125 9.8699998855590820312 9.909999847412109375 9.6400003433227539062 9.479999542236328125 9.68000030517578125
10.109999656677246094 9.8599996566772460938 9.8699998855590820312 9.979999542236328125 9.9499998092651367188 9.6400003433227539062 9.3500003814697265625 9.2399997711181640625 9.5100002288818359375 9.7399997711181640625 9.93000030517578125 10.140000343322753906 10.310000419616699219 10.649999618530273438 10.970000267028808594 11.340000152587890625 11.550000190734863281 11.560000419616699219 11.68000030517578125 12.039999961853027344 12.31999969482421875 12.260000228881835938 12.130000114440917969 12.090000152587890625 12.050000190734863281 12.100000381469726562 12.289999961853027344 12.350000381469726562 12.18000030517578125 11.899999618530273438 11.640000343322753906 11.439999580383300781 11.229999542236328125 10.890000343322753906 10.5 10.270000457763671875 10.350000381469726562 10.329999923706054688 9.9499998092651367188 9.7600002288818359375 9.9700002670288085938
9.8500003814697265625 9.4899997711181640625 9.4399995803833007812 9.3999996185302734375 9.409999847412109375 9.1700000762939453125 8.9200000762939453125 9.0600004196166992188 9.3500003814697265625 9.5 9.6899995803833007812 9.9499998092651367188 10.359999656677246094 10.789999961853027344 10.949999809265136719 11.050000190734863281 11.100000381469726562 11.010000228881835938 11.06999969482421875 11.460000038146972656 11.800000190734863281 11.81999969482421875 11.539999961853027344 11.479999542236328125 11.420000076293945312 11.460000038146972656 11.649999618530273438 11.850000381469726562 12.109999656677246094 12.289999961853027344 12.229999542236328125 12.020000457763671875 11.770000457763671875 11.369999885559082031 11.029999732971191406 10.81999969482421875 10.840000152587890625 10.699999809265136719 10.289999961853027344 10.06999969482421875 10.270000457763671875
9.8100004196166992188 9.3100004196166992188 9.0299997329711914062 8.8900003433227539062 8.8699998855590820312 8.7600002288818359375 8.6099996566772460938 8.8999996185302734375 9.1000003814697265625 9.2899999618530273438 9.6300001144409179688 10.039999961853027344 10.399999618530273438 10.590000152587890625 10.489999771118164062 10.539999961853027344 10.539999961853027344 10.529999732971191406 10.699999809265136719 10.949999809265136719 11.100000381469726562 11.189999580383300781 11.039999961853027344 10.960000038146972656 10.869999885559082031 10.789999961853027344 11.010000228881835938 11.25 11.56999969482421875 11.890000343322753906 12.140000343322753906 12.270000457763671875 12.220000267028808594 11.960000038146972656 11.630000114440917969 11.479999542236328125 11.460000038146972656 11.199999809265136719 10.75 10.520000457763671875 10.590000152587890625
9.7799997329711914062 9.340000152587890625 8.93000030517578125 8.6000003814697265625 8.43000030517578125 8.3500003814697265625 8.229999542236328125 8.6300001144409179688 9.0799999237060546875 9.3900003433227539062 9.6899995803833007812 9.9499998092651367188 10.159999847412109375 10.189999580383300781 10.029999732971191406 10.010000228881835938 10.079999923706054688 10.140000343322753906 10.369999885559082031 10.609999656677246094 10.56999969482421875 10.619999885559082031 10.550000190734863281 10.460000038146972656 10.310000419616699219 10.260000228881835938 10.539999961853027344 10.68000030517578125 10.899999618530273438 11.189999580383300781 11.489999771118164062 11.800000190734863281 12.090000152587890625 12.220000267028808594 12.109999656677246094 11.989999771118164062 12.010000228881835938 11.739999771118164062 11.25 11.010000228881835938 10.939999580383300781
9.3599996566772460938 9.1400003433227539062 8.81999969482421875 8.409999847412109375 8.0500001907348632812 7.9299998283386230469 8.1000003814697265625 8.6199998855590820312 9.06999969482421875 9.31999969482421875 9.409999847412109375 9.5600004196166992188 9.6999998092651367188 9.75 9.6099996566772460938 9.5600004196166992188 9.6700000762939453125 9.8800001144409179688 10.210000038146972656 10.31999969482421875 10.140000343322753906 10.039999961853027344 10.010000228881835938 9.9700002670288085938 9.8000001907348632812 9.729999542236328125 9.840000152587890625 10.050000190734863281 10.359999656677246094 10.630000114440917969 10.890000343322753906 11.170000076293945312 11.539999961853027344 11.899999618530273438 12.210000038146972656 12.289999961853027344 12.060000419616699219 11.710000038146972656 11.31999969482421875 10.979999542236328125 10.770000457763671875
8.75 8.5799999237060546875 8.3100004196166992188 7.9400000572204589844 7.659999847412109375 7.7300000190734863281 8.090000152587890625 8.5 8.8000001907348632812 8.909999847412109375 8.9899997711181640625 9.1300001144409179688 9.2600002288818359375 9.3999996185302734375 9.2799997329711914062 9.3000001907348632812 9.5500001907348632812 9.8599996566772460938 10.159999847412109375 10.119999885559082031 9.75 9.6099996566772460938 9.56999969482421875 9.5100002288818359375 9.3800001144409179688 9.270000457763671875 9.3000001907348632812 9.6300001144409179688 9.9600000381469726562 10.239999771118164062 10.579999923706054688 10.949999809265136719 11.329999923706054688 11.68000030517578125 12.119999885559082031 12.340000152587890625 11.939999580383300781 11.510000228881835938 11.090000152587890625 10.729999542236328125 10.409999847412109375
8.3299999237060546875 8.0500001907348632812 7.7899999618530273438 7.4299998283386230469 7.3600001335144042969 7.7100000381469726562 8.0299997329711914062 8.340000152587890625 8.4700002670288085938 8.4600000381469726562 8.5799999237060546875 8.7100000381469726562 8.8599996566772460938 8.9200000762939453125 9 9.229999542236328125 9.6199998855590820312 9.81999969482421875 9.8299999237060546875 9.7399997711181640625 9.4499998092651367188 9.1899995803833007812 9.159999847412109375 9.159999847412109375 9.0799999237060546875 8.979999542236328125 9.1999998092651367188 9.6400003433227539062 10.100000381469726562 10.560000419616699219 11.029999732971191406 11.420000076293945312 11.75 12.119999885559082031 12.449999809265136719 12.619999885559082031 12.260000228881835938 11.75 11.239999771118164062 10.840000152587890625 10.460000038146972656
8.0100002288818359375 7.6900000572204589844 7.3200001716613769531 6.9699997901916503906 7.1799998283386230469 7.4200000762939453125 7.6399998664855957031 7.9400000572204589844 8.020000457763671875 8.020000457763671875 8.1199998855590820312 8.3100004196166992188 8.479999542236328125 8.6300001144409179688 8.8999996185302734375 9.2399997711181640625 9.5100002288818359375 9.520000457763671875 9.3699998855590820312 9.3699998855590820312 9.2100000381469726562 8.8800001144409179688 8.8100004196166992188 8.8299999237060546875 8.7200002670288085938 8.729999542236328125 9.06999969482421875 9.590000152587890625 10.189999580383300781 10.75 11.229999542236328125 11.739999771118164062 12.159999847412109375 12.489999771118164062 12.729999542236328125 12.810000419616699219 12.659999847412109375 12.119999885559082031 11.510000228881835938 11.090000152587890625 10.829999923706054688
