input/fake_age_map_u.txt
ncols        241
nrows        121
xllcorner    -71.200416424533
yllcorner    -33.000416206563
cellsize     0.000833333333
NODATA_value  -9999
[rows 18 to 35 of 121, columns 123 to 163 of 241]
3.7200000286102294922 3.6500000953674316406 3.5999999046325683594 3.6099998950958251953 3.5999999046325683594 3.5999999046325683594 3.5899999141693115234 3.5799999237060546875 3.5999999046325683594 3.6300001144409179688 3.8299999237060546875 4.0799999237060546875 4.3499999046325683594 4.6100001335144042969 4.6700000762939453125 4.5500001907348632812 4.4299998283386230469 4.2600002288818359375 4.0599999427795410156 4.0700001716613769531 4.1999998092651367188 4.1500000953674316406 4.1799998283386230469 4.1999998092651367188 4.2399997711181640625 4.2300000190734863281 4.1900000572204589844 4.1999998092651367188 4.2699999809265136719 4.3200001716613769531 4.3800001144409179688 4.3600001335144042969 4.3099999427795410156 4.340000152587890625 4.4499998092651367188 4.4899997711181640625 4.4299998283386230469 4.409999847412109375 4.5300002098083496094 4.6300001144409179688 4.7100000381469726562
3.7899999618530273438 3.7100000381469726562 3.6800000667572021484 3.6600000858306884766 3.6300001144409179688 3.6400001049041748047 3.6300001144409179688 3.6099998950958251953 3.6199998855590820312 3.6900000572204589844 3.9300000667572021484 4.1700000762939453125 4.4200000762939453125 4.7300000190734863281 4.9400000572204589844 4.909999847412109375 4.8200001716613769531 4.5500001907348632812 4.2600002288818359375 4.1700000762939453125 4.3299999237060546875 4.3200001716613769531 4.3000001907348632812 4.3499999046325683594 4.3800001144409179688 4.3899998664855957031 4.3699998855590820312 4.3600001335144042969 4.3600001335144042969 4.4200000762939453125 4.4600000381469726562 4.4699997901916503906 4.4699997901916503906 4.4800000190734863281 4.5199999809265136719 4.5599999427795410156 4.5199999809265136719 4.4600000381469726562 4.5 4.659999847412109375 4.8000001907348632812
4.0199999809265136719 3.8499999046325683594 3.7699999809265136719 3.7400000095367431641 3.7100000381469726562 3.7000000476837158203 3.6700000762939453125 3.6500000953674316406 3.6400001049041748047 3.6600000858306884766 3.8299999237060546875 4.0599999427795410156 4.25 4.4800000190734863281 4.7399997711181640625 4.9800000190734863281 5.0500001907348632812 4.8200001716613769531 4.5 4.3299999237060546875 4.4200000762939453125 4.4899997711181640625 4.4800000190734863281 4.4499998092651367188 4.5300002098083496094 4.5700001716613769531 4.5500001907348632812 4.5 4.4699997901916503906 4.5100002288818359375 4.5700001716613769531 4.5500001907348632812 4.5799999237060546875 4.5999999046325683594 4.5999999046325683594 4.6199998855590820312 4.5799999237060546875 4.5799999237060546875 4.5700001716613769531 4.6300001144409179688 4.7100000381469726562
4.3899998664855957031 4.0399999618530273438 3.8699998855590820312 3.8399999141693115234 3.7799999713897705078 3.7599999904632568359 3.7300000190734863281 3.7000000476837158203 3.6600000858306884766 3.6600000858306884766 3.7200000286102294922 3.8299999237060546875 3.9800000190734863281 4.1799998283386230469 4.4400000572204589844 4.7300000190734863281 5.0599999427795410156 5.1399998664855957031 4.8800001144409179688 4.5799999237060546875 4.5500001907348632812 4.7699999809265136719 4.7699999809265136719 4.659999847412109375 4.659999847412109375 4.7100000381469726562 4.6799998283386230469 4.6700000762939453125 4.6399998664855957031 4.6500000953674316406 4.6999998092651367188 4.7100000381469726562 4.7399997711181640625 4.7800002098083496094 4.7399997711181640625 4.7399997711181640625 4.6900000572204589844 4.6999998092651367188 4.6999998092651367188 4.75 4.7699999809265136719
4.590000152587890625 4.1900000572204589844 3.9700000286102294922 3.9200000762939453125 3.8499999046325683594 3.8099999427795410156 3.7699999809265136719 3.7300000190734863281 3.7000000476837158203 3.7000000476837158203 3.7100000381469726562 3.7999999523162841797 3.9800000190734863281 4.1300001144409179688 4.3000001907348632812 4.5700001716613769531 4.909999847412109375 5.1999998092651367188 5.2100000381469726562 4.9000000953674316406 4.6799998283386230469 4.9699997901916503906 5.090000152587890625 4.9200000762939453125 4.8000001907348632812 4.8899998664855957031 4.9699997901916503906 4.9400000572204589844 4.8899998664855957031 4.8299999237060546875 4.8099999427795410156 4.8699998855590820312 4.8499999046325683594 4.9400000572204589844 4.8899998664855957031 4.8299999237060546875 4.7600002288818359375 4.7699999809265136719 4.7899999618530273438 4.8800001144409179688 4.9200000762939453125
4.5799999237060546875 4.2199997901916503906 4.0700001716613769531 3.9800000190734863281 3.9200000762939453125 3.8800001144409179688 3.8299999237060546875 3.7899999618530273438 3.7599999904632568359 3.7100000381469726562 3.7100000381469726562 3.7699999809265136719 4.0399999618530273438 4.340000152587890625 4.5399999618530273438 4.6399998664855957031 4.8000001907348632812 4.9800000190734863281 5.159999847412109375 5.0999999046325683594 4.840000152587890625 5.0799999237060546875 5.3600001335144042969 5.1999998092651367188 4.9800000190734863281 5.090000152587890625 5.2800002098083496094 5.2899999618530273438 5.1500000953674316406 5.0100002288818359375 4.9400000572204589844 5.0300002098083496094 5.0300002098083496094 5.0599999427795410156 5.0199999809265136719 4.8899998664855957031 4.8099999427795410156 4.8499999046325683594 4.8600001335144042969 4.9200000762939453125 5.0199999809265136719
4.409999847412109375 4.1900000572204589844 4.1199998855590820312 4.0599999427795410156 4.0100002288818359375 3.9500000476837158203 3.8900001049041748047 3.8299999237060546875 3.7699999809265136719 3.7300000190734863281 3.7400000095367431641 3.7799999713897705078 3.9600000381469726562 4.3699998855590820312 4.7899999618530273438 4.9699997901916503906 5.0300002098083496094 5.0399999618530273438 5.2300000190734863281 5.3200001716613769531 5.0700001716613769531 5.1100001335144042969 5.4800000190734863281 5.4600000381469726562 5.2199997901916503906 5.3099999427795410156 5.6199998855590820312 5.6300001144409179688 5.4000000953674316406 5.1999998092651367188 5.1300001144409179688 5.159999847412109375 5.2300000190734863281 5.2100000381469726562 5.1399998664855957031 4.9600000381469726562 4.8699998855590820312 4.9000000953674316406 4.9600000381469726562 5.0300002098083496094 5.1100001335144042969
4.340000152587890625 4.25 4.1700000762939453125 4.1300001144409179688 4.0700001716613769531 4 3.9300000667572021484 3.8599998950958251953 3.7999999523162841797 3.7599999904632568359 3.7599999904632568359 3.7899999618530273438 3.8800001144409179688 4.2399997711181640625 4.7300000190734863281 5.1399998664855957031 5.3299999237060546875 5.340000152587890625 5.4499998092651367188 5.5599999427795410156 5.3600001335144042969 5.1999998092651367188 5.5500001907348632812 5.6700000762939453125 5.4499998092651367188 5.5700001716613769531 5.9000000953674316406 5.8899998664855957031 5.6199998855590820312 5.4499998092651367188 5.4299998283386230469 5.4000000953674316406 5.3800001144409179688 5.3600001335144042969 5.25 5.0799999237060546875 5.0399999618530273438 5.0599999427795410156 5.1399998664855957031 5.2699999809265136719 5.3600001335144042969
4.409999847412109375 4.3299999237060546875 4.2300000190734863281 4.159999847412109375 4.159999847412109375 4.2100000381469726562 4.090000152587890625 3.8800001144409179688 3.8199999332427978516 3.7999999523162841797 3.7899999618530273438 3.8099999427795410156 3.8699998855590820312 4.159999847412109375 4.6399998664855957031 5.1199998855590820312 5.5100002288818359375 5.6900000572204589844 5.6700000762939453125 5.6300001144409179688 5.5300002098083496094 5.3099999427795410156 5.590000152587890625 5.8000001907348632812 5.6999998092651367188 5.8600001335144042969 6.2300000190734863281 6.1999998092651367188 5.909999847412109375 5.8299999237060546875 5.7899999618530273438 5.6399998664855957031 5.590000152587890625 5.5399999618530273438 5.340000152587890625 5.2300000190734863281 5.2800002098083496094 5.3600001335144042969 5.4800000190734863281 5.6300001144409179688 5.659999847412109375
4.4499998092651367188 4.3699998855590820312 4.3099999427795410156 4.2899999618530273438 4.4000000953674316406 4.5300002098083496094 4.3299999237060546875 4 3.8299999237060546875 3.8299999237060546875 3.8299999237060546875 3.8199999332427978516 3.8699998855590820312 4.090000152587890625 4.5 5.0500001907348632812 5.4400000572204589844 5.7699999809265136719 5.9000000953674316406 5.7800002098083496094 5.5999999046325683594 5.4600000381469726562 5.75 6.0199999809265136719 6.0399999618530273438 6.0599999427795410156 6.4800000190734863281 6.5799999237060546875 6.4299998283386230469 6.3299999237060546875 6.1700000762939453125 6 5.9299998283386230469 5.7600002288818359375 5.5199999809265136719 5.4000000953674316406 5.4800000190734863281 5.659999847412109375 5.8000001907348632812 5.9499998092651367188 5.9400000572204589844
4.5500001907348632812 4.5700001716613769531 4.5700001716613769531 4.5700001716613769531 4.6700000762939453125 4.8099999427795410156 4.5700001716613769531 4.1900000572204589844 3.9400000572204589844 3.8599998950958251953 3.8499999046325683594 3.8800001144409179688 3.9000000953674316406 4.0300002098083496094 4.409999847412109375 4.8699998855590820312 5.1999998092651367188 5.5700001716613769531 5.8899998664855957031 5.9299998283386230469 5.75 5.659999847412109375 5.9499998092651367188 6.3800001144409179688 6.5100002288818359375 6.4200000762939453125 6.6399998664855957031 6.9800000190734863281 6.909999847412109375 6.7699999809265136719 6.5500001907348632812 6.4200000762939453125 6.2800002098083496094 5.9600000381469726562 5.6799998283386230469 5.5500001907348632812 5.6300001144409179688 5.8600001335144042969 6.0799999237060546875 6.1999998092651367188 6.1300001144409179688
4.8499999046325683594 4.9000000953674316406 4.9299998283386230469 4.8800001144409179688 4.9800000190734863281 5.0300002098083496094 4.75 4.3800001144409179688 4.0799999237060546875 3.9400000572204589844 3.8900001049041748047 3.9000000953674316406 3.8800001144409179688 3.9300000667572021484 4.2100000381469726562 4.5700001716613769531 4.8899998664855957031 5.2399997711181640625 5.590000152587890625 5.8600001335144042969 5.8699998855590820312 5.9699997901916503906 6.2399997711181640625 6.5599999427795410156 6.8699998855590820312 7 7.090000152587890625 7.25 7.2800002098083496094 7.1199998855590820312 6.9299998283386230469 6.7399997711181640625 6.4200000762939453125 6.0399999618530273438 5.8299999237060546875 5.7699999809265136719 5.8499999046325683594 6.090000152587890625 6.3899998664855957031 6.5 6.3200001716613769531
5.159999847412109375 5.2399997711181640625 5.3000001907348632812 5.2800002098083496094 5.3000001907348632812 5.090000152587890625 4.75 4.4299998283386230469 4.1799998283386230469 3.9800000190734863281 3.9200000762939453125 3.9300000667572021484 3.9200000762939453125 3.9400000572204589844 4.0599999427795410156 4.3899998664855957031 4.7100000381469726562 4.9200000762939453125 5.2600002288818359375 5.4200000762939453125 5.5 5.8499999046325683594 6.2300000190734863281 6.590000152587890625 6.8600001335144042969 7.0100002288818359375 7.1799998283386230469 7.3800001144409179688 7.5199999809265136719 7.4000000953674316406 7.1399998664855957031 6.8200001716613769531 6.4600000381469726562 6.25 6.1500000953674316406 6.0500001907348632812 6.0799999237060546875 6.3000001907348632812 6.5999999046325683594 6.7600002288818359375 6.5599999427795410156
5.5 5.6100001335144042969 5.6999998092651367188 5.7300000190734863281 5.5700001716613769531 5.2699999809265136719 4.9600000381469726562 4.6399998664855957031 4.3000001907348632812 4.0399999618530273438 3.9800000190734863281 3.9700000286102294922 3.9600000381469726562 3.9600000381469726562 4.0300002098083496094 4.3000001907348632812 4.4899997711181640625 4.6100001335144042969 4.8600001335144042969 5.0199999809265136719 5.2100000381469726562 5.5999999046325683594 5.9699997901916503906 6.2399997711181640625 6.3899998664855957031 6.4699997901916503906 6.6999998092651367188 6.9800000190734863281 7.2600002288818359375 7.2399997711181640625 7.0599999427795410156 6.909999847412109375 6.7699999809265136719 6.6399998664855957031 6.4800000190734863281 6.3699998855590820312 6.4499998092651367188 6.5999999046325683594 6.9000000953674316406 6.9699997901916503906 6.7600002288818359375
5.8899998664855957031 6 6.0700001716613769531 5.8899998664855957031 5.5399999618530273438 5.1900000572204589844 4.8499999046325683594 4.590000152587890625 4.3299999237060546875 4.1399998664855957031 4.0399999618530273438 4.0100002288818359375 3.9900000095367431641 4.0100002288818359375 4.0399999618530273438 4.1700000762939453125 4.3499999046325683594 4.5999999046325683594 4.8200001716613769531 4.9200000762939453125 5.0799999237060546875 5.3499999046325683594 5.5999999046325683594 5.7899999618530273438 5.9000000953674316406 6.1100001335144042969 6.3600001335144042969 6.6199998855590820312 6.8299999237060546875 6.840000152587890625 6.840000152587890625 6.9499998092651367188 6.9200000762939453125 6.7899999618530273438 6.659999847412109375 6.6700000762939453125 6.7399997711181640625 6.8800001144409179688 7.0399999618530273438 7.0599999427795410156 6.9600000381469726562
6.3499999046325683594 6.3899998664855957031 6.2899999618530273438 5.909999847412109375 5.5399999618530273438 5.2399997711181640625 4.9200000762939453125 4.6799998283386230469 4.4200000762939453125 4.2199997901916503906 4.1199998855590820312 4.0700001716613769531 4.0599999427795410156 4.0599999427795410156 4.0700001716613769531 4.1199998855590820312 4.340000152587890625 4.6100001335144042969 4.7300000190734863281 4.7100000381469726562 4.8499999046325683594 5.1100001335144042969 5.3299999237060546875 5.5399999618530273438 5.7199997901916503906 5.9800000190734863281 6.1799998283386230469 6.3099999427795410156 6.4800000190734863281 6.6199998855590820312 6.7899999618530273438 6.9299998283386230469 6.7899999618530273438 6.6900000572204589844 6.6900000572204589844 6.7399997711181640625 6.8099999427795410156 6.8299999237060546875 6.8499999046325683594 6.9600000381469726562 7.0399999618530273438
6.7800002098083496094 6.6500000953674316406 6.409999847412109375 6.0599999427795410156 5.75 5.4499998092651367188 5.1300001144409179688 4.8800001144409179688 4.5799999237060546875 4.3299999237060546875 4.1900000572204589844 4.0999999046325683594 4.0799999237060546875 4.090000152587890625 4.090000152587890625 4.1199998855590820312 4.2100000381469726562 4.3200001716613769531 4.4299998283386230469 4.6399998664855957031 4.9899997711181640625 5.2899999618530273438 5.5599999427795410156 5.659999847412109375 5.7300000190734863281 5.8699998855590820312 6.0300002098083496094 6.1700000762939453125 6.3899998664855957031 6.659999847412109375 6.840000152587890625 6.7899999618530273438 6.6199998855590820312 6.5 6.5500001907348632812 6.6399998664855957031 6.6799998283386230469 6.6199998855590820312 6.6900000572204589844 6.8699998855590820312 7.0300002098083496094
7.0199999809265136719 6.659999847412109375 6.2899999618530273438 5.9499998092651367188 5.6399998664855957031 5.3600001335144042969 5.1100001335144042969 4.8600001335144042969 4.6199998855590820312 4.409999847412109375 4.2399997711181640625 4.1300001144409179688 4.1199998855590820312 4.1300001144409179688 4.1199998855590820312 4.1500000953674316406 4.1900000572204589844 4.2600002288818359375 4.4299998283386230469 4.7800002098083496094 5.159999847412109375 5.5799999237060546875 5.7199997901916503906 5.7300000190734863281 5.8099999427795410156 5.909999847412109375 6.0599999427795410156 6.2600002288818359375 6.4899997711181640625 6.7300000190734863281 6.7899999618530273438 6.6199998855590820312 6.4400000572204589844 6.3099999427795410156 6.3099999427795410156 6.3600001335144042969 6.3800001144409179688 6.3899998664855957031 6.6100001335144042969 6.8200001716613769531 6.9200000762939453125
