input/fake_age_map.txt
ncols        241
nrows        121
xllcorner    -71.200416424533
yllcorner    -33.000416206563
cellsize     0.000833333333
NODATA_value  -9999
[rows 60 to 79 of 121, columns 0 to 44 of 241]
32.299999237060546875 31 31.200000762939453125 32 31.100000381469726562 29.899999618530273438 31.700000762939453125 34.5 35.59999847412109375 36.700000762939453125 37.700000762939453125 36.799999237060546875 35.5 36.09999847412109375 37.5 37.40000152587890625 35.799999237060546875 36.40000152587890625 38.799999237060546875 40.200000762939453125 41.700000762939453125 43.299999237060546875 46.59999847412109375 50.59999847412109375 54.59999847412109375 58.799999237060546875 60.200000762939453125 57.40000152587890625 53.799999237060546875 50.40000152587890625 47.90000152587890625 47.5 48.5 51.5 55 57.59999847412109375 58.299999237060546875 59.299999237060546875 58.799999237060546875 55.799999237060546875 54.90000152587890625 55.799999237060546875 56.799999237060546875 58.200000762939453125 59.5
29.5 28.200000762939453125 28.200000762939453125 28.5 28.299999237060546875 28.100000381469726562 29.700000762939453125 31.600000381469726562 31.799999237060546875 32.40000152587890625 32.90000152587890625 32.700000762939453125 32.5 33.799999237060546875 34.90000152587890625 34.5 34.200000762939453125 35.700000762939453125 37.799999237060546875 40.5 43.700000762939453125 46.299999237060546875 49.09999847412109375 52.59999847412109375 56.5 58.799999237060546875 57.799999237060546875 55.200000762939453125 52.5 48.40000152587890625 46.200000762939453125 47 50 53.90000152587890625 55 55.90000152587890625 55.59999847412109375 56.200000762939453125 54.799999237060546875 53.299999237060546875 53.799999237060546875 55.200000762939453125 56.59999847412109375 58.5 60.299999237060546875
26.100000381469726562 26.100000381469726562 26.299999237060546875 26.200000762939453125 26.5 26.799999237060546875 27.600000381469726562 28.5 28.700000762939453125 29.299999237060546875 29.399999618530273438 29.799999237060546875 30.600000381469726562 31.799999237060546875 32.700000762939453125 32.59999847412109375 33.40000152587890625 35.09999847412109375 37.90000152587890625 40.700000762939453125 43 46.299999237060546875 51.09999847412109375 55 57.200000762939453125 57.40000152587890625 55.299999237060546875 52 50.200000762939453125 46.5 45.09999847412109375 47 51.09999847412109375 53.5 52.299999237060546875 52.09999847412109375 51.700000762939453125 51.5 51.59999847412109375 52.40000152587890625 53.59999847412109375 54.799999237060546875 56.5 59.700000762939453125 62.59999847412109375
25 25.5 25.700000762939453125 25.700000762939453125 26 26.100000381469726562 26.600000381469726562 26.899999618530273438 27.299999237060546875 27.899999618530273438 28.399999618530273438 29 29.700000762939453125 30.600000381469726562 31.299999237060546875 31.899999618530273438 32.40000152587890625 34 36.299999237060546875 38.700000762939453125 41.5 45.799999237060546875 51 55 55.40000152587890625 53.799999237060546875 52.799999237060546875 50.40000152587890625 46.799999237060546875 44.5 43.90000152587890625 46 48.700000762939453125 49.799999237060546875 49 48.59999847412109375 49 49.799999237060546875 50.799999237060546875 52 53.09999847412109375 54.299999237060546875 56.200000762939453125 59.59999847412109375 63.700000762939453125
25.399999618530273438 25.5 26 26.399999618530273438 26.799999237060546875 27 27.299999237060546875 27 27.100000381469726562 27.5 27.799999237060546875 28.299999237060546875 29.200000762939453125 29.700000762939453125 30.399999618530273438 31 31.799999237060546875 33.299999237060546875 36 40.09999847412109375 43.700000762939453125 47.200000762939453125 50.40000152587890625 52.90000152587890625 52.200000762939453125 49.299999237060546875 48.700000762939453125 47.40000152587890625 44.59999847412109375 43 43.09999847412109375 44.09999847412109375 45.299999237060546875 46.299999237060546875 46.5 47 48.299999237060546875 49.299999237060546875 50.799999237060546875 52.40000152587890625 53.90000152587890625 55 56.799999237060546875 60.40000152587890625 63.700000762939453125
25.799999237060546875 26.299999237060546875 27.200000762939453125 28.200000762939453125 28.799999237060546875 29 28.799999237060546875 28.399999618530273438 28 28.299999237060546875 28.100000381469726562 28.100000381469726562 28.899999618530273438 29.399999618530273438 29.700000762939453125 30.299999237060546875 31 33 36.799999237060546875 39.799999237060546875 42.299999237060546875 44.700000762939453125 47 49.40000152587890625 49.299999237060546875 46.09999847412109375 43.90000152587890625 43.200000762939453125 41.799999237060546875 41.5 42.59999847412109375 43.700000762939453125 44.40000152587890625 45.299999237060546875 45.799999237060546875 46.799999237060546875 48.299999237060546875 50.40000152587890625 52.59999847412109375 54.200000762939453125 55.700000762939453125 57.09999847412109375 57.299999237060546875 59.5 63.09999847412109375
27 28.100000381469726562 30 32.200000762939453125 32.40000152587890625 31.899999618530273438 32 32.09999847412109375 31.399999618530273438 29.799999237060546875 29.299999237060546875 28.899999618530273438 28.899999618530273438 29.200000762939453125 29.399999618530273438 29.799999237060546875 30.399999618530273438 31.899999618530273438 34.5 36.5 38.5 40.40000152587890625 43.5 45.40000152587890625 44.700000762939453125 42.90000152587890625 40.799999237060546875 40 40.200000762939453125 42.200000762939453125 45.09999847412109375 47.09999847412109375 47.200000762939453125 47.5 48.40000152587890625 48.799999237060546875 48.700000762939453125 50.5 53.40000152587890625 56 57.200000762939453125 59.299999237060546875 59.40000152587890625 59.799999237060546875 61.40000152587890625
28.399999618530273438 31.5 33.5 35.40000152587890625 36.59999847412109375 36.40000152587890625 37.40000152587890625 37.700000762939453125 35.09999847412109375 31.700000762939453125 30.700000762939453125 31.399999618530273438 31.399999618530273438 30.700000762939453125 30.100000381469726562 30.100000381469726562 30.200000762939453125 30.899999618530273438 32 33.5 36.09999847412109375 39 41.40000152587890625 41.59999847412109375 39.799999237060546875 38.700000762939453125 38.09999847412109375 38.700000762939453125 41.09999847412109375 44.09999847412109375 47.5 49.799999237060546875 51 51.59999847412109375 52.700000762939453125 52.700000762939453125 51.90000152587890625 53.299999237060546875 55.299999237060546875 57.700000762939453125 59 61 62.799999237060546875 63.799999237060546875 64.1999969482421875
28.600000381469726562 32.299999237060546875 36.09999847412109375 38.40000152587890625 40.40000152587890625 42.200000762939453125 42.799999237060546875 41.09999847412109375 37 33.200000762939453125 32.700000762939453125 34.59999847412109375 35.90000152587890625 34.299999237060546875 32 31 30.899999618530273438 31 31.200000762939453125 31.899999618530273438 33.59999847412109375 35.799999237060546875 37.799999237060546875 37.799999237060546875 36.59999847412109375 36.799999237060546875 37.09999847412109375 38.09999847412109375 40.40000152587890625 42.5 44.90000152587890625 47.40000152587890625 49 50.200000762939453125 51.59999847412109375 52.59999847412109375 52.90000152587890625 54.799999237060546875 57.09999847412109375 58.5 60.09999847412109375 62.200000762939453125 64.40000152587890625 66.6999969482421875 68.3000030517578125
29.5 31.5 34.90000152587890625 38.09999847412109375 41.799999237060546875 45.40000152587890625 46.200000762939453125 43.09999847412109375 39 35.59999847412109375 35.90000152587890625 38.299999237060546875 39.90000152587890625 38 34.40000152587890625 32.59999847412109375 32.59999847412109375 32.40000152587890625 32 32 32.59999847412109375 33.700000762939453125 34.799999237060546875 35.299999237060546875 35.200000762939453125 35.90000152587890625 36 36.299999237060546875 37.299999237060546875 38.5 40.799999237060546875 42.90000152587890625 44.5 46.200000762939453125 47 48.299999237060546875 50.59999847412109375 54.200000762939453125 55.59999847412109375 55.09999847412109375 57.200000762939453125 60.09999847412109375 61.200000762939453125 64.40000152587890625 68.40000152587890625
32.299999237060546875 31.799999237060546875 35.09999847412109375 37.90000152587890625 42 46.799999237060546875 49 45.5 41.700000762939453125 38.700000762939453125 40.09999847412109375 42.40000152587890625 42.700000762939453125 39.700000762939453125 36.09999847412109375 35.799999237060546875 36 34.299999237060546875 33.200000762939453125 33.200000762939453125 33.09999847412109375 33.40000152587890625 33.90000152587890625 34.40000152587890625 35 35.09999847412109375 35.40000152587890625 36 36.59999847412109375 36.700000762939453125 37.700000762939453125 38.5 39.799999237060546875 41.40000152587890625 42.299999237060546875 44.200000762939453125 48.09999847412109375 51.5 52.09999847412109375 52.40000152587890625 54.700000762939453125 55.700000762939453125 57.200000762939453125 61.200000762939453125 66.1999969482421875
35.5 33.90000152587890625 37.5 41.59999847412109375 44.700000762939453125 48.59999847412109375 51.299999237060546875 49.799999237060546875 46.299999237060546875 43.90000152587890625 44.299999237060546875 45.799999237060546875 43.90000152587890625 40.299999237060546875 38.700000762939453125 39 38 35.700000762939453125 34.59999847412109375 34.40000152587890625 34.299999237060546875 34.09999847412109375 34.299999237060546875 35.200000762939453125 35.700000762939453125 36.299999237060546875 36.700000762939453125 37.09999847412109375 38 37.799999237060546875 38.40000152587890625 38.299999237060546875 38.299999237060546875 38.59999847412109375 39.5 41.200000762939453125 44.09999847412109375 47 47.799999237060546875 50.200000762939453125 50.799999237060546875 52.200000762939453125 55.59999847412109375 59.799999237060546875 64.59999847412109375
37.799999237060546875 36.09999847412109375 36.5 39.299999237060546875 43.299999237060546875 48.200000762939453125 52.5 53.299999237060546875 51.299999237060546875 49.09999847412109375 48.5 46.90000152587890625 43.700000762939453125 41.700000762939453125 40.700000762939453125 39.299999237060546875 37.799999237060546875 36.40000152587890625 36.09999847412109375 35.799999237060546875 35.59999847412109375 35.40000152587890625 35.299999237060546875 36 36.799999237060546875 37.700000762939453125 38.299999237060546875 40.200000762939453125 41.40000152587890625 40.40000152587890625 40 40.299999237060546875 40.200000762939453125 39.59999847412109375 39.299999237060546875 39.5 40.90000152587890625 42.700000762939453125 45 46.59999847412109375 48 51.799999237060546875 55.799999237060546875 58.5 61.299999237060546875
42 40.90000152587890625 39.5 38.200000762939453125 41.40000152587890625 46.299999237060546875 50.700000762939453125 53.700000762939453125 54.59999847412109375 53.40000152587890625 51.5 48.299999237060546875 44.700000762939453125 42.700000762939453125 42.200000762939453125 40.5 39.59999847412109375 38.40000152587890625 37.59999847412109375 37.299999237060546875 37.09999847412109375 36.59999847412109375 36.59999847412109375 37.09999847412109375 37.799999237060546875 38.799999237060546875 40.09999847412109375 43.09999847412109375 45.299999237060546875 44.799999237060546875 43.59999847412109375 43.59999847412109375 43.799999237060546875 42.5 40.700000762939453125 40.200000762939453125 40.299999237060546875 41.200000762939453125 42.5 44.40000152587890625 47.09999847412109375 50 52.700000762939453125 54.700000762939453125 58.40000152587890625
46.200000762939453125 45.40000152587890625 43.200000762939453125 41.09999847412109375 41.200000762939453125 44.59999847412109375 48.799999237060546875 53.40000152587890625 55.59999847412109375 55.299999237060546875 53.299999237060546875 50.200000762939453125 46.299999237060546875 45.5 45.90000152587890625 44.09999847412109375 42 41.09999847412109375 40 38.90000152587890625 38.799999237060546875 39.09999847412109375 38.799999237060546875 38.799999237060546875 39.700000762939453125 40.700000762939453125 41.700000762939453125 43.700000762939453125 46.90000152587890625 48.799999237060546875 48 47.59999847412109375 48.59999847412109375 47.09999847412109375 43.40000152587890625 41.90000152587890625 41.40000152587890625 41 41.40000152587890625 43.59999847412109375 46.299999237060546875 48.09999847412109375 50.40000152587890625 52.700000762939453125 54.5
48.299999237060546875 48.799999237060546875 46.90000152587890625 44.5 43.09999847412109375 44.90000152587890625 48.59999847412109375 51.700000762939453125 54.59999847412109375 56.700000762939453125 55.5 52.700000762939453125 48.90000152587890625 48.299999237060546875 48.59999847412109375 46.700000762939453125 45.200000762939453125 45 43.59999847412109375 41.299999237060546875 41.5 42.799999237060546875 41.799999237060546875 40.90000152587890625 42.200000762939453125 43.200000762939453125 43.59999847412109375 46.5 48.200000762939453125 50.799999237060546875 52.799999237060546875 53.40000152587890625 53.200000762939453125 50.200000762939453125 45.5 43.40000152587890625 42.5 42.09999847412109375 41.90000152587890625 42.09999847412109375 43.799999237060546875 46 49.59999847412109375 50.59999847412109375 51.700000762939453125
50.799999237060546875 52.799999237060546875 51.799999237060546875 48.40000152587890625 46.700000762939453125 47 49.200000762939453125 52.5 55.799999237060546875 58.799999237060546875 58 55 52.09999847412109375 52 51.59999847412109375 49.5 50 49.299999237060546875 45.90000152587890625 42.700000762939453125 44.5 46.90000152587890625 46.200000762939453125 44.5 45.59999847412109375 47.200000762939453125 46.5 48.90000152587890625 53 54.799999237060546875 56.90000152587890625 58.299999237060546875 55.09999847412109375 50 46.90000152587890625 46.700000762939453125 45.09999847412109375 43.799999237060546875 43.200000762939453125 42.90000152587890625 43.299999237060546875 44.299999237060546875 46.40000152587890625 47.40000152587890625 49.59999847412109375
52.90000152587890625 56.40000152587890625 55.5 52.200000762939453125 50.200000762939453125 50.09999847412109375 50.5 53.40000152587890625 57.799999237060546875 61.59999847412109375 61.299999237060546875 58.799999237060546875 56.299999237060546875 55.59999847412109375 54.09999847412109375 54.200000762939453125 54.40000152587890625 52 47.200000762939453125 45.299999237060546875 47.5 50.799999237060546875 51.09999847412109375 48.90000152587890625 49.700000762939453125 51.799999237060546875 50.299999237060546875 50.40000152587890625 54.700000762939453125 58.799999237060546875 61.59999847412109375 62 56.200000762939453125 51 51.700000762939453125 51.09999847412109375 48.5 46.200000762939453125 45 44.299999237060546875 44 43.700000762939453125 44.5 45.200000762939453125 46.5
54.40000152587890625 58.299999237060546875 58.200000762939453125 56 54.799999237060546875 54.799999237060546875 54.200000762939453125 53.90000152587890625 57.799999237060546875 62.5 64.1999969482421875 63.40000152587890625 61.40000152587890625 59.40000152587890625 58.299999237060546875 59.40000152587890625 57.5 53.700000762939453125 49.90000152587890625 47.90000152587890625 48.700000762939453125 53 55.700000762939453125 53.90000152587890625 54.09999847412109375 55.700000762939453125 54.5 53.799999237060546875 57.90000152587890625 62.299999237060546875 64.90000152587890625 62.700000762939453125 57.90000152587890625 57.200000762939453125 57.200000762939453125 54.200000762939453125 50.700000762939453125 49.299999237060546875 47.90000152587890625 45.90000152587890625 45.299999237060546875 45.59999847412109375 45.40000152587890625 45.40000152587890625 46
56.299999237060546875 60.40000152587890625 60.799999237060546875 59.5 58.299999237060546875 58.299999237060546875 57.299999237060546875 55.90000152587890625 57.40000152587890625 61.299999237060546875 65.59999847412109375 67.1999969482421875 66 64.09999847412109375 63.59999847412109375 63.59999847412109375 61.40000152587890625 57.299999237060546875 53.40000152587890625 51.700000762939453125 52.299999237060546875 54.799999237060546875 59.09999847412109375 59.799999237060546875 60.09999847412109375 60.40000152587890625 59 58.5 62 66 66.6999969482421875 62.40000152587890625 61.59999847412109375 62.40000152587890625 59.700000762939453125 56.700000762939453125 55.5 53.799999237060546875 50.200000762939453125 47.700000762939453125 47.5 47.59999847412109375 47.299999237060546875 47.299999237060546875 47.299999237060546875
