input/grid_lc_clip.txt
ncols         241
nrows         121
xllcorner     -71.200416424533
yllcorner     -33.000416206563
cellsize      0.000833333333
NODATA_value  -9999
[rows 80 to 119 of 121, columns 0 to 89 of 241]
595 637 648 627 612 595 576 580 597 621 658 697 698 692 692 681 654 606 563 552 572 574 607 642 664 670 651 645 663 692 690 668 659 659 628 619 593 550 520 507 515 511 502 506 498 491 488 490 495 504 511 522 529 541 558 588 632 644 646 688 726 751 758 789 827 856 900 927 918 921 947 984 1030 1079 1111 1133 1166 1199 1215 1192 1152 1106 1080 1086 1076 1092 1075 1039 1009 986
635 672 679 663 644 613 591 608 633 657 686 714 731 736 736 714 667 616 586 594 612 605 610 643 678 707 706 711 726 742 739 725 710 708 692 657 602 569 564 545 563 558 536 547 539 512 510 512 516 530 535 538 537 560 587 612 649 689 684 688 720 763 795 816 857 900 937 962 970 973 970 989 1022 1052 1071 1097 1122 1149 1161 1167 1135 1080 1045 1038 1032 1047 1034 1000 971 955
673 712 715 696 672 642 622 627 645 671 696 719 743 767 768 730 682 645 630 636 649 639 658 680 706 742 766 770 784 792 779 770 763 759 730 687 639 623 607 593 606 597 579 573 568 540 537 538 555 582 592 578 558 576 619 654 685 730 746 739 754 776 816 844 872 918 955 966 979 990 985 992 1007 1015 1027 1050 1078 1096 1119 1137 1103 1051 1011 986 987 998 995 964 935 924
711 752 757 739 710 674 647 646 646 662 685 716 748 783 789 756 717 699 690 680 686 685 707 740 760 785 816 817 809 791 777 763 757 761 750 725 699 680 657 651 653 644 626 621 608 574 570 566 592 632 638 609 578 576 614 660 713 760 798 801 809 829 846 880 908 939 949 940 953 962 958 963 971 975 1004 1028 1045 1065 1106 1119 1083 1025 985 949 944 940 941 917 892 906
753 782 792 774 742 702 680 674 665 672 689 715 751 792 816 789 759 756 755 741 740 740 750 783 800 809 805 807 791 767 739 727 721 727 739 730 724 719 714 715 703 685 670 667 647 618 608 598 620 662 669 642 621 605 633 670 715 768 817 847 852 867 884 906 930 946 932 904 907 908 906 920 943 969 991 998 1010 1045 1083 1091 1062 1024 981 931 903 889 887 876 861 890
784 785 783 770 740 722 717 703 694 692 710 732 767 806 834 835 819 811 805 794 791 794 794 798 793 787 770 761 756 747 722 691 686 680 682 692 690 699 719 740 743 731 719 713 694 670 653 645 651 693 707 698 679 644 655 699 748 785 817 840 847 845 863 894 897 913 916 883 859 844 844 882 934 967 966 956 973 1020 1040 1040 1025 1007 978 934 893 860 843 835 823 863
781 767 758 760 742 718 694 697 706 716 735 758 782 792 797 807 825 821 806 808 814 804 774 746 732 729 716 706 704 708 697 661 633 625 643 664 651 660 687 711 727 731 740 744 735 716 699 696 701 727 751 745 716 677 685 728 763 780 788 799 802 799 819 844 842 865 884 856 813 787 804 860 907 927 921 912 939 981 986 973 964 943 936 914 882 841 805 793 810 862
736 734 723 729 709 688 656 655 685 706 716 748 768 746 737 747 770 760 749 751 759 757 745 721 693 671 655 647 651 664 653 623 584 586 615 635 621 619 636 661 683 688 713 730 730 715 708 712 715 724 734 739 737 723 716 739 747 747 744 755 753 745 766 770 770 813 841 818 778 748 781 826 847 859 857 884 932 960 939 912 912 893 875 858 831 794 766 773 809 850
685 684 688 686 658 643 623 614 644 659 674 711 734 714 686 689 701 688 690 680 683 690 698 709 697 664 616 596 595 616 617 600 568 546 572 594 575 569 594 616 631 652 681 702 708 695 686 687 674 675 684 698 734 747 739 725 710 695 687 698 700 688 697 701 724 755 783 774 731 716 745 767 784 804 849 899 946 939 891 859 862 860 833 805 779 743 736 771 803 834
642 636 641 646 626 597 582 580 604 619 646 691 717 691 653 642 653 632 631 627 615 618 642 672 666 653 621 581 554 568 569 568 559 515 519 546 537 534 574 596 623 644 657 660 669 667 645 634 625 615 630 660 703 717 711 678 649 615 622 646 643 634 628 636 660 692 711 711 689 693 725 749 771 818 869 897 909 910 870 822 809 814 801 769 732 697 718 742 764 794
590 587 587 597 596 574 552 547 566 598 650 693 710 676 637 606 599 577 585 589 560 559 598 622 608 616 611 571 535 524 525 525 528 504 481 490 491 513 558 592 612 616 606 604 619 631 615 584 569 564 590 631 674 684 667 634 592 556 573 600 581 574 565 576 598 619 643 656 670 708 749 778 793 813 832 829 841 857 848 792 757 747 747 730 697 661 678 685 714 742
542 534 530 558 561 549 522 521 555 596 639 662 671 656 630 591 556 524 529 539 519 518 551 567 557 584 592 573 540 500 478 474 479 482 457 444 458 503 549 561 575 567 551 554 592 602 573 545 522 524 569 618 645 645 618 596 554 505 524 546 519 515 508 519 547 587 617 661 697 735 770 781 765 757 752 753 763 778 782 775 730 692 688 675 659 632 629 640 677 714
500 488 487 516 519 504 484 500 544 579 597 609 622 615 588 560 531 485 471 487 478 470 502 515 531 560 564 552 536 516 475 446 429 438 430 429 468 507 522 519 526 516 504 542 568 553 531 507 475 491 533 576 602 599 569 562 542 481 474 490 468 466 465 481 530 589 639 679 711 721 736 744 724 709 697 688 693 702 711 710 685 651 636 631 625 604 591 625 673 733
457 447 455 476 479 457 440 466 501 532 554 577 597 595 570 538 500 459 433 430 435 440 466 476 519 540 530 518 492 492 480 465 425 398 399 429 463 483 482 472 467 460 492 531 528 502 483 460 436 445 491 527 546 562 546 521 511 474 439 437 431 428 445 491 551 599 662 701 701 677 679 695 693 670 656 635 635 639 642 632 624 606 596 601 588 569 570 616 678 722
415 411 426 443 435 415 411 444 482 514 535 558 569 561 548 534 508 469 435 407 398 405 423 458 506 528 508 484 462 444 440 437 426 395 373 387 413 427 438 440 414 421 478 495 491 452 434 417 397 406 446 472 503 525 520 489 466 448 415 399 397 419 452 500 561 620 672 699 669 628 619 633 643 630 609 582 578 592 583 576 568 554 569 584 560 542 552 602 646 676
387 384 396 412 400 381 409 444 475 494 509 531 536 513 491 505 502 475 440 404 372 379 404 443 485 520 517 484 442 404 385 386 400 392 358 347 360 377 398 411 379 399 438 443 448 426 395 380 363 376 413 454 476 476 480 458 422 405 385 376 391 429 468 511 560 617 652 659 642 600 557 561 574 561 543 528 529 545 537 533 525 519 546 560 533 524 533 571 595 614
349 354 364 384 369 371 405 425 445 462 462 487 498 478 447 466 480 450 412 380 359 376 409 448 482 497 502 487 457 419 374 342 348 360 352 334 323 338 362 368 349 370 388 386 394 389 365 340 342 377 419 432 433 423 422 422 389 363 354 366 401 445 494 546 587 605 607 605 603 574 531 505 518 503 484 478 486 491 486 490 491 488 507 516 503 500 513 528 549 562
321 323 341 355 342 351 376 394 417 419 416 444 459 439 407 429 446 433 395 352 331 350 389 431 448 439 440 441 438 422 391 345 312 313 320 325 307 301 311 320 321 342 339 340 340 341 328 313 329 370 382 379 381 375 360 363 345 330 343 378 429 478 523 560 585 577 549 531 536 543 499 458 460 455 442 444 445 446 452 453 460 461 469 477 480 490 500 517 532 542
298 305 323 319 314 329 361 379 387 380 378 410 427 408 381 396 412 413 385 349 319 324 357 394 399 386 380 372 367 372 367 338 303 276 280 299 304 290 278 295 315 322 300 293 296 301 295 292 311 337 338 332 334 332 317 316 314 320 340 381 431 479 509 534 557 543 500 470 473 483 473 427 415 415 409 419 417 416 422 428 430 438 448 463 475 491 518 540 544 554
274 294 313 303 292 305 332 341 350 339 343 373 393 391 361 355 381 393 388 350 310 298 324 351 357 343 333 323 313 317 322 308 278 257 255 269 272 269 261 277 306 311 283 266 269 274 276 283 293 295 291 291 288 291 288 291 302 320 348 382 425 460 471 497 527 514 473 432 417 426 422 399 390 388 391 396 395 398 405 415 424 451 470 487 502 523 548 577 575 584
260 284 306 295 277 281 297 312 324 310 311 330 345 355 343 320 337 356 361 341 291 271 288 303 309 300 289 286 280 278 280 270 252 241 234 239 240 243 249 255 271 280 262 249 251 256 263 274 273 263 261 259 264 271 274 281 293 309 333 368 401 409 418 450 475 480 441 406 380 376 375 368 368 375 377 378 381 388 398 419 463 507 531 549 558 571 588 607 614 625
264 289 299 282 263 266 283 299 306 286 277 300 308 309 319 299 295 312 320 309 275 253 261 264 265 262 257 251 249 245 239 232 224 224 220 223 228 232 235 236 242 250 241 237 241 247 257 259 257 244 243 247 254 259 267 274 285 298 323 351 357 347 370 411 449 454 411 380 359 354 347 347 351 355 361 364 370 378 400 444 488 534 569 604 620 631 653 667 668 677
253 272 275 257 249 261 280 274 274 265 258 280 270 270 294 284 264 268 282 266 249 241 237 234 233 231 229 226 223 221 216 213 209 209 211 214 220 223 223 223 223 229 230 228 231 237 240 240 239 234 236 240 246 254 259 265 282 304 323 323 313 327 368 414 439 423 388 361 340 335 333 335 338 342 349 361 371 390 415 441 473 506 540 588 627 665 701 727 731 742
242 259 250 237 242 255 253 253 246 242 246 262 247 240 261 273 256 241 247 238 232 228 225 221 212 209 210 208 205 204 203 199 199 202 206 207 209 213 213 214 213 214 215 219 221 219 218 220 225 228 232 237 242 246 254 262 283 298 297 290 303 339 379 421 415 379 357 333 325 321 324 329 330 341 359 375 390 410 420 434 458 492 529 560 599 644 686 722 756 788
235 243 232 227 238 242 224 230 226 227 241 254 235 213 227 252 250 232 220 214 213 215 216 211 204 200 196 197 195 195 194 194 194 196 199 201 204 207 206 206 207 209 210 212 212 213 213 217 221 222 226 231 234 239 245 255 262 268 271 282 313 354 400 420 394 350 324 318 316 313 317 321 323 341 365 399 415 434 451 459 475 513 555 584 594 612 648 688 727 770
245 240 222 218 228 227 208 208 209 211 221 223 217 199 205 233 230 213 202 202 203 204 205 203 200 195 190 188 188 187 187 188 189 192 194 197 199 199 200 201 203 202 205 205 206 207 210 213 217 219 220 228 231 230 237 242 248 253 260 283 323 363 389 377 350 321 301 303 306 305 310 314 327 349 378 410 437 458 475 487 511 544 575 629 651 648 653 681 711 745
239 232 212 205 213 212 198 195 198 204 207 197 194 189 195 207 207 199 194 194 195 196 194 194 192 188 184 181 180 181 185 185 186 187 191 191 193 194 196 196 198 201 200 201 203 204 207 211 216 217 217 221 223 225 231 238 244 254 275 293 322 347 339 317 301 291 289 295 296 300 302 308 328 367 404 426 438 451 465 481 512 551 593 638 684 709 718 728 758 777
221 222 202 194 198 197 187 186 188 197 194 184 182 177 178 180 184 186 183 185 186 187 187 187 185 181 180 178 177 177 181 182 181 183 185 185 187 190 191 193 195 197 197 200 201 203 206 209 212 214 216 218 221 223 229 234 240 256 279 289 299 303 290 280 278 280 284 287 290 295 299 309 332 367 403 421 422 425 436 466 507 537 564 601 653 698 730 755 769 785
203 212 198 187 186 183 179 178 182 187 183 174 171 168 166 171 178 177 176 178 178 181 181 181 179 178 176 174 174 175 178 178 179 180 182 183 184 187 189 190 193 195 197 199 200 202 204 206 208 211 212 216 219 222 225 231 238 248 253 257 264 266 267 270 273 276 279 281 283 291 301 311 330 353 379 395 396 407 431 463 487 503 529 573 618 653 685 710 740 742
181 195 190 177 176 175 172 170 172 170 167 165 163 162 164 167 168 169 171 172 174 175 176 173 172 173 173 172 173 173 175 176 177 180 181 181 183 187 190 189 193 194 195 197 200 202 203 205 206 210 212 215 218 223 227 230 235 239 245 248 253 257 261 265 267 269 274 276 284 294 304 312 326 338 354 369 379 400 421 442 456 475 506 539 573 606 637 681 711 699
166 179 176 173 172 170 166 163 164 162 160 162 159 159 161 164 165 166 165 168 169 169 171 169 169 169 169 167 169 171 174 176 177 180 181 183 185 188 190 190 191 195 198 199 201 202 205 206 208 210 213 215 217 220 225 229 234 236 239 245 248 251 258 261 263 265 268 276 284 294 306 316 326 336 349 363 376 389 405 421 439 466 485 516 550 585 622 654 665 655
157 166 167 168 168 165 163 160 158 158 158 159 158 159 159 161 161 161 161 163 165 166 165 167 167 165 167 168 169 171 173 175 177 178 180 184 186 187 190 191 193 194 196 198 199 201 205 208 210 211 214 217 218 221 223 228 230 234 238 241 246 249 252 257 259 261 264 270 280 288 301 317 330 345 356 373 396 414 430 445 463 489 524 553 578 591 598 602 601 606
153 157 160 161 160 159 158 156 156 155 155 155 154 154 157 157 157 158 159 161 162 163 164 164 166 165 167 170 170 172 175 177 178 179 182 186 186 187 187 190 192 194 194 197 199 205 210 213 214 212 213 216 217 219 223 225 226 229 234 239 242 244 247 250 255 257 258 262 265 269 279 297 310 325 342 367 400 420 426 444 468 500 537 549 551 547 546 548 560 587
150 152 154 154 154 154 152 152 150 151 150 151 151 152 154 155 155 157 160 160 161 161 163 164 165 167 167 169 171 172 174 175 176 178 181 183 184 186 187 189 190 196 197 202 208 214 223 244 258 247 237 228 220 222 224 225 227 229 233 235 238 241 243 247 250 252 255 258 260 264 268 279 291 303 323 353 376 383 401 430 460 499 522 513 505 505 515 534 569 612
152 148 149 148 150 148 147 148 148 148 149 149 149 150 152 154 156 158 161 160 159 160 164 165 166 167 168 169 171 173 174 174 174 177 178 181 182 183 185 187 189 196 199 204 213 224 240 262 290 296 284 264 245 237 235 234 237 237 238 238 238 239 243 247 253 253 255 258 261 265 270 275 282 299 318 334 351 375 414 451 479 501 498 477 473 496 534 566 589 625
150 145 146 145 144 144 145 146 147 149 151 150 150 151 152 154 156 158 159 158 160 162 163 166 164 165 168 168 169 172 172 172 173 176 176 178 179 183 186 188 193 196 201 212 221 230 247 277 311 331 311 285 274 266 257 253 254 253 256 255 254 253 250 253 255 257 260 260 263 268 272 278 285 298 311 324 348 376 406 448 469 470 459 452 468 501 538 581 622 658
143 142 142 141 139 142 143 144 147 149 151 152 153 152 153 154 154 156 157 157 159 161 162 164 163 164 167 167 169 170 172 171 171 175 177 178 179 184 190 196 204 203 209 227 243 253 260 278 319 354 350 326 313 297 288 289 295 276 269 271 269 265 265 272 275 267 267 266 266 270 273 277 283 300 330 354 368 387 416 436 434 432 429 448 479 507 538 580 624 658
137 140 139 140 141 142 142 144 146 147 148 149 151 151 150 152 154 155 156 158 159 160 161 163 163 163 165 165 167 169 170 170 172 175 176 179 181 186 195 205 208 208 221 243 260 279 294 306 321 360 381 383 362 341 338 342 337 302 287 291 300 296 292 302 300 282 283 285 270 270 274 278 285 299 321 351 382 408 415 407 404 404 418 445 470 499 535 562 584 608
138 141 140 142 143 142 143 145 146 146 146 147 148 148 150 151 152 154 155 155 156 158 159 162 163 165 165 166 168 169 167 169 174 177 178 179 183 186 192 197 201 210 219 232 252 278 309 338 357 370 391 422 420 404 395 390 370 332 308 317 343 345 335 335 316 302 315 310 289 274 277 280 284 296 317 347 378 393 390 381 385 395 412 437 465 491 507 520 541 579
139 141 139 141 142 142 141 143 145 144 145 146 148 150 150 151 151 153 154 154 156 156 159 160 162 165 165 165 166 164 164 168 172 174 175 178 182 186 191 195 201 213 223 231 258 292 323 345 364 378 394 426 452 455 453 427 387 352 330 334 369 396 392 369 340 338 353 345 311 281 279 283 288 297 321 349 359 363 362 367 379 400 417 434 455 464 473 495 522 559
