input/grid_lc_clip.txt
ncols         241
nrows         121
xllcorner     -71.200416424533
yllcorner     -33.000416206563
cellsize      0.000833333333
NODATA_value  -9999
[rows 40 to 79 of 121, columns 0 to 89 of 241]
624 597 589 579 539 536 576 604 592 603 647 650 610 570 543 515 501 523 565 607 630 648 673 687 700 719 747 776 792 797 819 842 854 891 937 966 995 1018 1022 1023 1031 1038 1051 1061 1080 1087 1106 1116 1091 1095 1119 1150 1162 1152 1148 1170 1212 1242 1260 1278 1297 1317 1349 1399 1447 1485 1500 1487 1453 1408 1346 1306 1264 1223 1183 1152 1124 1087 1049 1007 979 948 919 893 885 884 885 910 934 960
688 662 636 610 585 584 606 643 650 648 679 683 651 614 577 543 528 525 539 563 585 606 637 663 686 704 715 730 744 755 772 794 817 865 903 925 953 977 974 991 1002 997 999 1002 1014 1026 1040 1053 1038 1039 1066 1099 1105 1090 1101 1132 1164 1182 1201 1225 1264 1308 1364 1417 1459 1483 1506 1498 1455 1405 1359 1326 1277 1231 1186 1146 1119 1102 1072 1027 989 954 926 905 914 920 906 921 966 1002
749 719 691 663 646 646 660 683 699 696 709 718 689 644 614 591 567 570 569 564 570 584 601 624 643 661 674 692 719 736 750 768 802 836 863 894 931 935 932 964 971 956 953 946 951 960 979 995 986 988 1017 1045 1043 1032 1058 1087 1105 1141 1181 1227 1279 1336 1391 1420 1428 1438 1459 1475 1447 1393 1348 1307 1262 1215 1177 1131 1103 1072 1042 1016 982 955 935 926 941 962 942 936 963 1001
795 774 749 731 717 716 725 730 745 747 747 747 720 694 672 643 615 626 623 600 602 624 624 622 655 676 688 717 755 786 795 793 796 818 848 884 903 891 894 918 935 927 907 904 902 906 918 937 931 932 958 977 977 990 1023 1060 1099 1150 1209 1261 1307 1352 1381 1386 1380 1394 1423 1453 1458 1420 1372 1337 1300 1255 1207 1151 1117 1085 1058 1027 988 965 966 958 959 992 989 965 975 1008
798 786 782 778 774 779 781 779 790 788 779 779 765 744 720 685 668 677 666 645 642 667 671 651 667 713 739 766 798 826 835 833 837 849 861 869 865 847 853 877 901 900 863 860 857 853 863 879 874 878 894 916 944 990 1039 1087 1131 1175 1223 1249 1285 1325 1344 1345 1337 1356 1391 1429 1442 1414 1373 1328 1287 1258 1225 1185 1131 1096 1055 1018 996 1001 1010 989 976 1007 1023 1000 996 1024
758 739 742 750 762 777 783 787 789 776 758 744 744 746 743 732 726 726 715 700 683 694 715 701 684 712 755 792 827 858 869 878 879 867 848 832 835 819 818 854 877 864 823 821 822 812 814 823 832 854 891 926 975 1024 1072 1109 1133 1158 1179 1202 1238 1276 1293 1293 1299 1325 1361 1388 1396 1369 1332 1294 1255 1227 1204 1165 1107 1068 1045 1045 1048 1048 1031 1002 998 1012 1039 1042 1029 1041
751 725 706 710 726 738 739 744 745 727 711 687 684 700 727 749 760 769 761 740 719 729 753 746 725 746 766 794 839 878 896 904 893 861 824 792 793 782 789 817 836 820 790 778 786 774 785 811 844 890 942 987 1024 1055 1076 1083 1090 1105 1116 1153 1193 1214 1231 1239 1266 1302 1331 1349 1358 1335 1301 1263 1228 1197 1173 1140 1103 1088 1090 1095 1089 1063 1033 1019 1023 1035 1049 1067 1063 1066
746 728 706 686 680 692 698 712 706 676 654 643 645 669 695 728 760 775 781 778 765 782 798 787 769 787 810 830 861 897 902 888 866 840 802 760 743 738 740 769 787 770 750 739 748 756 783 826 879 934 980 1018 1034 1037 1035 1024 1032 1041 1063 1106 1137 1153 1168 1193 1235 1271 1296 1323 1348 1335 1302 1268 1236 1217 1196 1171 1149 1148 1145 1122 1089 1069 1066 1059 1049 1064 1072 1085 1085 1089
709 690 687 672 650 660 665 681 679 649 616 600 610 639 673 700 727 733 753 779 797 818 833 829 820 819 833 875 897 895 871 848 824 799 773 749 730 704 697 733 741 723 709 712 733 758 788 832 891 952 985 1000 1001 998 977 970 980 995 1022 1051 1083 1105 1139 1177 1215 1248 1282 1323 1359 1366 1340 1306 1286 1271 1245 1226 1210 1189 1159 1131 1121 1120 1118 1095 1075 1091 1102 1116 1123 1129
671 644 637 627 610 619 614 635 649 641 603 572 580 632 658 659 677 686 712 756 802 822 828 835 838 841 850 882 891 857 829 813 788 755 728 714 711 687 667 688 699 680 691 711 741 781 819 856 901 937 942 948 952 936 922 920 943 976 1007 1041 1072 1109 1149 1183 1222 1260 1306 1342 1375 1396 1377 1360 1351 1334 1309 1280 1247 1212 1185 1174 1175 1163 1145 1114 1096 1111 1137 1149 1161 1168
670 636 597 574 582 577 567 592 621 621 592 554 572 615 626 613 626 652 694 749 782 781 777 788 799 811 837 865 861 823 785 766 756 739 701 680 667 655 645 657 660 662 686 722 762 798 837 879 896 889 877 891 894 882 885 923 974 1018 1054 1093 1121 1159 1188 1214 1248 1290 1334 1362 1377 1374 1363 1358 1366 1375 1359 1326 1294 1262 1243 1236 1218 1187 1158 1137 1123 1130 1153 1178 1195 1208
658 629 586 545 537 532 537 582 593 578 562 529 545 575 577 577 608 649 697 734 739 723 711 725 737 768 819 851 854 825 780 738 709 708 701 672 639 627 631 636 641 651 678 714 749 785 825 853 842 829 821 824 825 837 883 937 996 1053 1101 1138 1168 1210 1242 1271 1291 1316 1335 1333 1331 1323 1305 1306 1323 1337 1340 1340 1332 1320 1306 1292 1265 1234 1199 1172 1153 1155 1172 1203 1228 1251
617 593 555 532 499 496 532 570 566 538 528 509 522 535 547 584 614 645 684 706 694 665 645 659 692 735 784 826 831 804 770 722 674 670 681 657 623 608 615 620 629 644 668 693 727 763 802 820 803 779 775 782 810 862 916 965 1018 1075 1118 1151 1183 1214 1248 1284 1309 1314 1297 1281 1282 1283 1261 1257 1273 1285 1299 1322 1324 1308 1299 1295 1292 1262 1231 1209 1190 1194 1216 1231 1260 1293
574 557 529 508 481 485 524 540 529 513 491 484 495 525 559 590 624 653 661 663 641 613 593 618 660 708 766 806 792 757 727 691 645 633 645 617 593 591 600 608 624 643 667 691 729 752 771 776 758 739 749 783 835 891 947 994 1040 1074 1096 1116 1143 1175 1218 1267 1296 1278 1249 1236 1237 1250 1226 1212 1231 1250 1278 1302 1295 1268 1250 1252 1264 1265 1263 1252 1242 1253 1273 1279 1302 1328
541 522 503 477 451 460 496 512 491 476 467 486 512 548 584 608 619 635 620 602 582 560 564 612 666 720 767 789 759 718 679 649 618 598 610 579 574 579 583 594 610 628 648 672 713 724 719 717 707 716 745 793 853 913 963 996 1018 1031 1046 1074 1117 1170 1226 1277 1290 1251 1211 1191 1197 1220 1194 1175 1198 1227 1242 1252 1256 1230 1207 1208 1224 1240 1259 1280 1297 1304 1317 1325 1350 1379
526 521 500 469 432 424 456 472 458 435 445 487 526 555 576 585 579 583 570 546 523 520 569 623 679 721 754 759 727 690 653 617 586 567 563 555 561 565 572 580 596 618 648 671 686 680 678 682 689 712 748 800 852 904 939 958 969 993 1027 1072 1123 1184 1245 1281 1263 1222 1183 1152 1159 1177 1169 1142 1159 1182 1183 1196 1216 1198 1172 1171 1190 1214 1244 1291 1334 1351 1360 1383 1404 1432
480 498 481 444 404 386 416 434 419 411 440 479 506 524 544 540 518 517 510 489 484 515 574 619 648 684 706 716 690 653 623 595 564 544 537 545 548 553 567 588 610 629 652 651 650 648 652 663 684 710 748 794 843 891 911 912 938 987 1031 1093 1143 1192 1245 1260 1229 1193 1146 1115 1121 1127 1137 1116 1111 1126 1132 1154 1183 1167 1138 1143 1164 1188 1224 1276 1327 1370 1407 1432 1463 1490
438 459 458 438 398 363 375 386 382 403 446 476 475 478 491 492 468 454 445 445 475 525 564 581 600 631 653 660 645 616 578 554 534 524 525 532 539 552 570 599 624 636 635 626 620 628 650 672 695 731 771 810 844 865 870 885 930 992 1047 1094 1150 1190 1230 1234 1199 1165 1118 1088 1077 1077 1102 1091 1063 1070 1087 1124 1134 1119 1104 1115 1135 1165 1208 1258 1306 1357 1420 1469 1514 1545
392 408 408 405 379 345 341 352 370 403 437 446 433 434 445 446 429 413 410 440 479 515 528 530 554 588 621 615 593 571 544 523 512 511 520 532 549 576 589 599 603 614 606 599 606 625 660 693 718 743 765 780 795 807 830 877 936 999 1059 1103 1150 1194 1216 1200 1172 1146 1118 1081 1046 1036 1058 1055 1027 1030 1062 1086 1084 1075 1079 1096 1119 1152 1195 1240 1295 1353 1414 1471 1532 1587
359 354 356 359 341 318 319 341 369 397 412 409 392 390 406 404 388 383 406 435 457 473 482 502 541 592 622 598 560 527 507 499 493 504 528 557 568 592 601 583 575 582 580 586 601 624 655 683 707 720 725 735 753 779 820 875 935 989 1040 1091 1151 1201 1192 1159 1128 1110 1103 1081 1036 1009 1012 1007 990 1003 1025 1042 1048 1057 1075 1101 1128 1169 1215 1258 1303 1356 1409 1457 1511 1562
323 310 312 320 311 299 317 345 356 367 377 368 355 361 375 374 358 364 388 402 417 433 466 506 546 588 602 574 538 504 479 475 485 515 550 576 583 593 588 558 549 558 568 582 595 613 633 651 669 687 706 729 756 785 816 860 908 961 1019 1081 1142 1178 1160 1126 1084 1065 1060 1055 1026 993 969 968 956 973 985 1005 1029 1055 1079 1109 1145 1186 1237 1278 1306 1342 1390 1432 1476 1519
295 282 282 285 283 281 297 316 318 324 329 327 325 338 349 345 342 357 378 405 437 463 491 526 565 588 578 552 525 484 462 470 500 539 550 559 556 562 548 533 538 552 566 585 603 621 638 651 662 688 716 751 792 815 846 887 919 961 1017 1073 1125 1132 1113 1093 1055 1023 1012 1008 993 960 935 930 934 959 988 1014 1039 1063 1088 1112 1144 1180 1215 1249 1284 1320 1367 1408 1440 1474
261 261 263 262 265 268 276 285 287 293 294 298 306 318 327 326 334 351 379 407 430 463 511 550 572 574 553 520 502 465 451 470 511 535 523 521 517 515 516 524 536 548 565 597 626 655 677 687 693 699 724 767 821 864 890 929 979 1017 1044 1083 1106 1082 1057 1043 1021 985 967 967 948 916 903 919 948 980 1011 1037 1062 1081 1102 1126 1149 1171 1200 1234 1269 1303 1338 1381 1424 1467
250 255 257 257 260 261 266 269 273 279 284 290 297 306 313 319 324 340 363 387 415 458 510 550 554 538 528 504 468 445 439 460 487 498 490 486 490 498 508 520 531 543 562 596 637 674 713 734 754 751 743 778 826 880 930 971 1016 1072 1103 1104 1085 1045 1011 990 977 955 931 923 896 878 889 921 950 978 1006 1035 1051 1069 1095 1117 1140 1163 1187 1220 1259 1304 1343 1383 1430 1482
254 255 260 264 268 270 273 270 271 275 278 283 292 297 304 310 318 333 360 401 437 472 504 529 522 493 487 474 446 430 431 441 453 463 465 470 483 493 508 524 539 550 568 604 637 677 728 777 803 804 795 801 838 886 934 1003 1061 1093 1097 1080 1061 1028 991 957 931 912 893 876 858 869 893 920 943 961 984 1009 1033 1055 1079 1100 1126 1152 1184 1214 1251 1297 1346 1387 1427 1488
258 263 272 282 288 290 288 284 280 283 281 281 289 294 297 303 310 330 368 398 423 447 470 494 493 461 439 432 418 415 426 437 444 453 458 468 483 504 526 542 557 571 573 595 631 673 719 760 788 814 825 838 866 905 955 1014 1059 1060 1044 1029 1013 994 984 945 904 872 860 842 842 879 917 956 983 996 1009 1028 1058 1076 1091 1111 1131 1154 1178 1207 1241 1279 1324 1372 1425 1483
270 281 300 322 324 319 320 321 314 298 293 289 289 292 294 298 304 319 345 365 385 404 435 454 447 429 408 400 402 422 451 471 472 475 484 488 487 505 534 560 572 593 594 598 614 644 679 710 738 763 791 829 873 928 986 1031 1033 1008 986 981 968 953 952 936 893 859 832 815 827 866 908 954 999 1035 1058 1069 1091 1099 1102 1107 1112 1132 1161 1199 1242 1293 1338 1385 1438 1488
284 315 335 354 366 364 374 377 351 317 307 314 314 307 301 301 302 309 320 335 361 390 414 416 398 387 381 387 411 441 475 498 510 516 527 527 519 533 553 577 590 610 628 638 642 653 675 691 720 750 781 827 882 943 995 1023 1010 962 921 921 922 905 910 914 887 853 814 801 824 858 894 931 979 1015 1037 1046 1060 1073 1073 1073 1087 1123 1168 1211 1261 1324 1388 1425 1466 1514
286 323 361 384 404 422 428 411 370 332 327 346 359 343 320 310 309 310 312 319 336 358 378 378 366 368 371 381 404 425 449 474 490 502 516 526 529 548 571 585 601 622 644 667 683 704 728 740 769 804 828 848 889 929 957 974 963 920 878 860 847 843 856 866 852 827 792 792 816 839 863 900 943 966 976 980 999 1014 1025 1053 1094 1141 1186 1225 1280 1353 1410 1450 1488 1531
295 315 349 381 418 454 462 431 390 356 359 383 399 380 344 326 326 324 320 320 326 337 348 353 352 359 360 363 373 385 408 429 445 462 470 483 506 542 556 551 572 601 612 644 684 722 753 783 815 845 849 847 861 880 897 932 937 907 866 831 793 782 789 796 804 791 777 765 786 811 842 874 890 905 908 921 944 971 1005 1047 1089 1131 1184 1237 1285 1346 1401 1428 1461 1489
323 318 351 379 420 468 490 455 417 387 401 424 427 397 361 358 360 343 332 332 331 334 339 344 350 351 354 360 366 367 377 385 398 414 423 442 481 515 521 524 547 557 572 612 662 714 759 799 829 852 844 816 809 823 855 895 910 894 864 824 775 742 736 738 744 743 748 750 768 795 820 837 849 860 888 923 949 977 1000 1036 1080 1128 1176 1227 1276 1329 1365 1387 1417 1424
355 339 375 416 447 486 513 498 463 439 443 458 439 403 387 390 380 357 346 344 343 341 343 352 357 363 367 371 380 378 384 383 383 386 395 412 441 470 478 502 508 522 556 598 646 695 729 762 790 812 812 779 761 784 828 861 869 861 846 818 767 726 705 698 706 716 734 753 769 787 804 824 845 873 901 933 975 1015 1033 1056 1086 1126 1177 1223 1258 1295 1323 1347 1376 1368
378 361 365 393 433 482 525 533 513 491 485 469 437 417 407 393 378 364 361 358 356 354 353 360 368 377 383 402 414 404 400 403 402 396 393 395 409 427 450 466 480 518 558 585 613 652 680 710 736 765 758 733 723 762 799 818 820 815 796 772 740 707 683 689 712 736 769 799 814 824 839 853 868 903 945 973 1001 1042 1077 1098 1127 1149 1178 1209 1242 1268 1305 1335 1348 1320
420 409 395 382 414 463 507 537 546 534 515 483 447 427 422 405 396 384 376 373 371 366 366 371 378 388 401 431 453 448 436 436 438 425 407 402 403 412 425 444 471 500 527 547 584 614 627 661 700 724 702 676 698 750 771 778 776 763 742 712 690 669 661 686 735 783 817 849 885 896 897 906 911 932 984 1032 1069 1098 1133 1157 1184 1208 1226 1248 1267 1296 1316 1311 1293 1273
462 454 432 411 412 446 488 534 556 553 533 502 463 455 459 441 420 411 400 389 388 391 388 388 397 407 417 437 469 488 480 476 486 471 434 419 414 410 414 436 463 481 504 527 545 562 596 642 673 674 647 640 686 733 734 736 730 706 687 659 642 643 657 695 745 794 831 860 897 925 945 965 975 997 1024 1068 1118 1157 1188 1219 1256 1285 1304 1309 1322 1331 1318 1290 1248 1220
483 488 469 445 431 449 486 517 546 567 555 527 489 483 486 467 452 450 436 413 415 428 418 409 422 432 436 465 482 508 528 534 532 502 455 434 425 421 419 421 438 460 496 506 517 544 584 609 623 619 602 623 676 703 699 688 686 661 633 617 623 639 663 696 736 767 799 821 851 886 925 975 1018 1049 1070 1103 1135 1167 1200 1243 1287 1327 1341 1336 1339 1318 1285 1251 1218 1181
508 528 518 484 467 470 492 525 558 588 580 550 521 520 516 495 500 493 459 427 445 469 462 445 456 472 465 489 530 548 569 583 551 500 469 467 451 438 432 429 433 443 464 474 496 524 546 568 581 567 572 624 657 666 654 634 629 610 596 603 623 647 673 695 713 736 753 780 818 861 908 966 1009 1037 1061 1091 1116 1144 1182 1234 1272 1296 1308 1298 1289 1279 1244 1204 1174 1142
529 564 555 522 502 501 505 534 578 616 613 588 563 556 541 542 544 520 472 453 475 508 511 489 497 518 503 504 547 588 616 620 562 510 517 511 485 462 450 443 440 437 445 452 465 480 498 525 532 534 570 605 622 614 596 585 578 573 588 608 629 655 686 730 765 783 792 795 813 846 887 936 985 1028 1067 1093 1119 1156 1199 1232 1240 1237 1245 1241 1236 1230 1192 1162 1139 1107
544 583 582 560 548 548 542 539 578 625 642 634 614 594 583 594 575 537 499 479 487 530 557 539 541 557 545 538 579 623 649 627 579 572 572 542 507 493 479 459 453 456 454 454 460 467 475 492 499 521 542 549 557 555 549 553 561 578 619 640 655 676 700 739 797 836 859 854 842 866 900 936 989 1046 1099 1133 1155 1185 1222 1227 1204 1186 1187 1184 1180 1180 1143 1115 1100 1068
563 604 608 595 583 583 573 559 574 613 656 672 660 641 636 636 614 573 534 517 523 548 591 598 601 604 590 585 620 660 667 624 616 624 597 567 555 538 502 477 475 476 473 473 473 474 475 482 489 500 510 517 523 532 545 571 598 602 636 675 687 708 726 753 790 841 892 894 876 893 927 964 1013 1072 1126 1162 1189 1216 1238 1214 1168 1145 1134 1134 1121 1134 1113 1077 1051 1028
