input/grid_lc_clip.txt
ncols         241
nrows         121
xllcorner     -71.200416424533
yllcorner     -33.000416206563
cellsize      0.000833333333
NODATA_value  -9999
[rows 40 to 79 of 121, columns 90 to 179 of 241]
1000 1032 1048 1066 1076 1051 1003 957 952 971 970 940 917 918 891 877 890 881 824 771 742 745 742 727 745 787 825 853 828 778 743 721 700 668 638 598 571 548 524 506 487 469 454 445 434 431 430 430 432 439 444 448 451 454 459 464 474 477 490 515 534 545 537 529 527 530 536 548 559 572 591 606 616 626 647 675 707 738 779 818 855 888 908 912 890 858 830 808 791 796
1048 1088 1116 1120 1089 1040 1000 986 991 1011 1022 996 978 963 945 932 922 880 827 791 777 787 792 764 763 803 842 858 813 758 714 691 677 655 633 615 597 573 541 520 495 473 461 450 439 436 435 434 440 456 460 460 466 468 473 477 477 480 485 496 507 511 512 517 526 530 536 545 554 564 576 585 602 620 649 680 716 749 777 808 838 868 896 917 909 889 863 833 811 812
1051 1101 1144 1136 1085 1037 1024 1038 1036 1053 1069 1047 1028 1007 995 977 938 890 850 821 823 839 828 794 781 807 846 839 794 749 710 666 637 621 602 592 580 558 538 521 499 479 466 451 440 439 439 443 458 483 492 482 483 491 508 511 500 492 493 498 502 505 513 523 529 535 542 545 553 563 571 585 603 626 653 685 722 755 776 796 808 834 864 886 894 885 863 837 820 829
1056 1102 1146 1135 1091 1073 1076 1093 1093 1113 1124 1103 1078 1063 1042 1011 966 934 899 872 884 886 847 807 800 818 821 790 758 715 677 651 620 599 586 569 554 541 528 512 495 483 472 455 444 442 447 456 482 511 514 508 511 530 548 553 536 514 509 514 517 521 529 538 544 550 551 551 552 563 574 585 601 629 662 688 714 739 757 765 774 805 823 845 849 838 827 813 807 826
1078 1131 1165 1137 1115 1127 1132 1145 1155 1169 1182 1163 1132 1116 1091 1048 1011 990 955 945 946 913 856 823 818 799 771 739 710 684 658 637 622 605 587 567 551 536 520 507 495 482 465 455 451 456 463 473 500 532 544 546 547 567 592 598 571 536 527 533 538 543 552 561 573 577 567 565 567 568 572 583 600 622 648 667 681 696 716 723 742 766 782 797 794 787 778 776 786 809
1092 1139 1173 1165 1164 1182 1186 1200 1212 1226 1241 1225 1198 1173 1141 1106 1072 1032 1006 988 951 903 859 833 804 767 745 718 693 675 661 641 627 609 585 570 564 552 533 515 494 473 460 455 460 474 478 487 508 540 572 593 602 615 642 636 596 561 554 560 566 571 579 594 607 612 600 586 582 581 584 588 599 613 628 638 646 661 681 687 705 728 745 748 744 740 740 746 762 785
1099 1139 1185 1209 1214 1237 1244 1249 1266 1281 1304 1305 1272 1243 1206 1170 1125 1086 1051 1003 955 907 869 829 796 775 769 755 730 697 670 646 628 604 597 608 601 578 567 544 508 475 462 460 470 488 495 504 521 544 577 617 656 678 682 654 616 591 587 592 602 610 617 634 643 634 625 611 603 602 601 602 601 608 617 623 631 643 656 666 677 693 703 706 711 720 734 744 750 761
1118 1164 1218 1258 1263 1287 1303 1305 1322 1336 1356 1368 1343 1317 1260 1211 1174 1125 1075 1015 960 913 867 840 834 838 837 794 755 730 707 684 653 628 642 657 634 603 580 546 513 485 472 470 476 490 495 508 534 571 610 644 688 712 706 681 649 630 631 645 660 666 666 674 673 659 652 639 637 639 630 625 629 631 635 637 639 647 658 667 675 687 698 708 718 729 738 748 760 768
1147 1182 1235 1287 1311 1333 1365 1381 1388 1401 1420 1436 1405 1352 1299 1268 1213 1124 1066 1009 962 921 904 907 911 905 873 824 798 769 729 689 664 664 687 688 653 613 582 553 518 495 483 479 475 480 487 499 533 573 620 660 677 674 674 674 679 679 686 702 719 728 723 720 706 680 664 661 671 670 663 665 674 678 675 663 656 659 666 671 682 692 703 718 731 744 752 762 767 777
1187 1211 1246 1297 1340 1374 1411 1439 1458 1470 1469 1436 1379 1327 1278 1237 1182 1121 1060 1011 983 968 968 966 943 918 878 836 795 769 741 715 710 714 720 706 672 639 612 578 536 511 496 489 480 479 483 495 520 558 595 618 623 617 626 649 684 722 747 764 777 778 768 750 725 695 685 691 696 699 707 719 727 731 718 692 671 671 675 680 691 703 719 735 757 778 782 791 791 784
1224 1256 1289 1324 1364 1413 1462 1508 1545 1557 1518 1466 1383 1321 1266 1216 1162 1124 1075 1052 1025 1019 1014 967 916 872 840 802 764 739 721 715 704 697 693 684 657 627 603 574 540 517 509 500 487 485 489 493 505 532 554 565 572 577 596 630 665 709 747 762 767 753 748 736 713 699 706 722 729 733 751 765 775 774 744 711 688 683 686 691 708 718 730 744 764 791 816 834 832 819
1270 1301 1342 1382 1411 1451 1506 1564 1610 1607 1569 1524 1452 1366 1292 1242 1201 1155 1137 1112 1076 1052 1016 964 915 855 811 774 747 726 704 683 666 657 647 640 631 604 579 558 537 527 518 505 495 492 495 498 500 508 518 528 544 558 576 606 639 675 700 705 707 702 705 694 679 688 711 738 759 776 789 801 808 789 755 724 709 697 697 706 725 742 752 761 784 814 848 874 878 851
1321 1347 1392 1432 1470 1506 1551 1595 1639 1655 1625 1573 1528 1473 1338 1276 1243 1219 1200 1152 1102 1051 1006 957 911 856 812 774 743 722 706 701 686 666 648 632 610 588 573 556 543 532 521 507 500 499 502 503 509 512 512 518 530 542 557 579 607 627 643 653 665 661 659 654 651 670 699 734 766 787 792 801 812 797 767 745 733 717 717 728 747 767 782 789 802 836 878 909 905 872
1359 1396 1444 1497 1535 1590 1630 1661 1680 1662 1619 1586 1555 1494 1434 1331 1299 1269 1211 1139 1082 1035 985 941 896 853 812 782 768 763 760 746 730 711 688 666 632 609 586 567 553 535 521 511 508 510 513 513 513 516 515 519 524 529 537 551 567 586 602 617 627 626 620 622 635 654 681 713 737 757 765 781 799 794 782 778 766 748 748 755 774 798 817 831 841 863 902 939 925 892
1407 1452 1492 1536 1582 1644 1701 1738 1726 1637 1577 1552 1493 1472 1435 1374 1326 1270 1204 1143 1083 1029 981 944 922 899 851 823 799 774 754 735 721 702 685 666 640 616 594 572 551 538 527 516 516 521 527 526 524 522 522 523 528 531 535 539 551 566 577 592 599 601 603 609 619 636 657 678 698 715 731 759 781 799 807 816 804 784 780 779 802 832 855 871 886 901 925 956 938 910
1464 1505 1545 1592 1638 1706 1774 1807 1745 1683 1635 1522 1449 1415 1386 1358 1320 1270 1212 1164 1102 1057 1024 1001 964 909 849 802 769 746 723 702 687 673 656 637 617 601 584 567 555 544 533 525 531 539 546 547 549 537 528 530 532 533 538 544 550 557 562 575 579 585 591 598 609 623 635 653 674 688 714 737 763 799 823 829 825 818 813 816 833 860 890 909 923 935 953 972 954 942
1525 1562 1599 1647 1695 1755 1808 1810 1753 1698 1622 1505 1435 1371 1336 1305 1283 1251 1223 1182 1134 1081 1025 985 953 915 870 833 802 772 742 713 689 674 658 648 630 610 587 570 560 551 538 537 549 561 568 573 569 554 543 542 539 536 541 551 557 558 560 569 575 584 587 595 603 611 623 638 654 673 694 720 751 789 817 825 833 849 851 854 874 896 918 939 947 952 955 966 978 988
1588 1638 1681 1713 1744 1780 1802 1759 1709 1648 1584 1527 1477 1368 1307 1266 1235 1198 1163 1143 1115 1079 1028 977 933 903 869 835 811 793 771 737 712 697 684 662 637 611 590 576 564 550 545 555 573 584 593 604 594 579 568 561 554 546 546 550 562 565 564 575 585 592 601 607 606 608 619 633 651 670 688 713 739 769 796 814 835 861 880 893 906 923 929 926 921 922 927 950 983 1016
1633 1675 1721 1763 1797 1822 1770 1693 1638 1590 1547 1505 1461 1407 1325 1267 1210 1169 1133 1099 1073 1048 1029 1003 973 938 884 841 805 772 743 716 697 683 665 644 626 613 597 582 566 556 564 587 604 614 630 641 635 617 602 583 566 557 552 552 558 567 570 582 591 604 616 625 623 618 628 649 672 689 707 730 759 784 801 819 839 861 875 887 901 904 895 893 891 893 906 937 975 1021
1600 1640 1688 1737 1786 1816 1778 1675 1618 1557 1502 1455 1413 1382 1348 1299 1226 1178 1134 1085 1048 1016 993 982 971 956 917 867 824 775 737 713 699 681 664 648 635 621 606 588 570 572 594 623 642 657 672 684 681 654 633 608 584 571 565 562 562 566 574 584 599 613 625 635 639 636 642 657 681 699 719 748 781 812 816 818 828 842 844 855 868 868 858 862 868 879 898 924 957 1004
1556 1594 1644 1694 1752 1795 1782 1719 1642 1567 1504 1443 1385 1341 1312 1285 1249 1210 1157 1094 1042 1004 972 945 927 909 892 863 819 776 745 729 719 698 679 665 645 629 611 593 581 592 620 649 684 714 740 746 728 698 675 645 616 590 575 571 569 569 578 592 609 619 628 643 652 659 659 669 683 701 724 748 775 795 795 793 800 805 807 820 830 830 828 839 851 869 890 919 955 995
1522 1569 1625 1684 1738 1792 1795 1757 1667 1605 1528 1451 1386 1329 1282 1247 1223 1192 1159 1111 1052 1004 962 932 907 886 864 840 816 784 763 747 729 708 690 672 650 633 616 601 590 597 618 648 685 734 783 809 779 747 716 685 643 612 591 581 580 580 580 592 602 611 628 643 654 662 671 686 693 705 715 731 749 761 762 762 770 775 781 794 801 809 819 829 842 859 882 907 939 969
1522 1577 1633 1689 1741 1811 1842 1747 1692 1611 1523 1454 1383 1325 1275 1233 1189 1155 1127 1095 1055 1010 972 945 917 890 865 835 818 797 779 759 735 717 696 674 654 640 624 608 599 599 619 646 685 737 792 837 828 793 750 705 662 632 609 596 597 597 587 588 597 607 625 632 640 657 671 687 696 704 708 716 731 738 741 744 752 760 768 778 787 802 815 826 838 847 866 892 919 934
1533 1586 1638 1686 1741 1812 1846 1807 1722 1595 1519 1453 1393 1344 1300 1253 1203 1159 1118 1077 1047 1013 990 963 929 902 883 863 845 820 795 772 739 717 698 679 664 649 631 620 610 607 627 654 688 731 777 816 836 816 772 725 686 650 621 615 620 619 606 597 600 610 620 630 646 661 671 683 688 692 698 710 719 727 736 747 758 770 778 783 789 798 803 812 823 835 856 881 896 912
1541 1594 1662 1716 1784 1837 1869 1880 1708 1510 1494 1456 1425 1387 1336 1285 1247 1195 1146 1111 1075 1045 1015 994 973 941 912 882 844 805 780 759 740 721 702 687 669 651 640 627 616 617 631 656 683 716 748 773 809 816 782 734 695 656 630 634 649 647 634 619 608 608 619 632 648 659 671 674 679 689 701 711 728 737 741 751 766 776 778 787 797 806 814 825 833 837 846 860 876 903
1545 1618 1683 1735 1811 1864 1868 1838 1718 1569 1547 1518 1494 1447 1387 1330 1279 1235 1193 1142 1085 1052 1026 998 975 951 907 860 824 795 777 758 741 722 705 687 669 663 656 638 624 623 631 648 670 695 718 745 780 803 784 742 702 665 650 668 685 678 660 644 627 614 617 632 647 656 664 665 676 690 705 720 732 736 741 757 774 781 784 793 801 810 822 834 843 850 859 862 866 882
1562 1648 1721 1771 1803 1805 1804 1792 1765 1633 1619 1562 1505 1450 1391 1339 1286 1248 1201 1136 1082 1041 1004 974 945 920 885 852 826 807 784 763 743 726 707 693 688 685 672 649 636 633 634 644 655 672 695 724 755 782 781 742 706 679 685 704 718 711 684 665 649 639 627 629 639 647 653 661 670 683 697 708 721 728 741 758 768 780 794 802 809 815 822 833 843 858 873 884 884 880
1581 1665 1691 1724 1773 1746 1727 1727 1722 1670 1607 1540 1478 1427 1372 1310 1261 1220 1172 1120 1069 1031 999 964 936 907 882 861 838 820 793 766 748 730 723 721 715 701 676 659 650 645 643 646 651 662 681 706 735 771 767 736 711 717 731 747 754 739 717 702 686 681 669 653 644 645 657 673 678 685 695 704 708 718 736 752 763 776 789 800 806 816 826 835 850 861 872 885 893 894
1556 1558 1580 1611 1635 1645 1660 1657 1670 1690 1615 1523 1472 1410 1355 1300 1246 1198 1149 1106 1070 1039 1001 967 944 914 890 871 845 823 797 772 756 751 754 751 737 713 686 670 663 655 652 652 656 663 673 696 734 763 765 743 737 750 767 788 797 785 760 739 727 723 711 696 674 658 655 671 686 694 697 705 713 721 729 740 753 766 775 786 794 806 816 834 854 861 868 881 894 904
1501 1491 1482 1496 1512 1535 1576 1596 1628 1659 1636 1530 1473 1420 1378 1319 1266 1217 1164 1115 1073 1052 1030 994 954 913 882 857 831 812 792 775 769 776 777 766 743 719 698 681 672 665 660 662 667 672 681 700 732 759 774 776 774 789 802 815 826 825 808 787 773 765 749 725 704 687 671 667 679 700 711 720 728 738 736 739 751 764 769 775 785 796 812 836 851 862 871 888 904 926
1428 1436 1435 1446 1470 1492 1514 1546 1590 1633 1609 1552 1490 1460 1425 1349 1293 1245 1192 1149 1125 1098 1051 994 944 905 876 851 836 821 805 794 789 794 798 781 756 726 698 688 681 674 673 678 683 688 701 720 741 766 793 803 809 826 833 845 862 866 852 841 827 814 791 768 745 726 703 684 678 687 708 720 727 738 748 752 752 763 774 779 789 804 819 839 853 864 878 892 910 928
1367 1373 1377 1396 1409 1435 1466 1508 1565 1614 1619 1586 1546 1512 1439 1365 1311 1280 1250 1216 1165 1115 1060 1001 955 919 894 870 848 831 819 816 810 812 800 774 753 730 707 696 686 684 693 707 711 718 731 747 757 776 802 825 838 852 868 888 907 908 902 894 884 867 842 813 785 761 737 717 693 687 695 711 729 744 759 767 765 766 776 786 794 803 817 837 854 867 882 896 912 931
1310 1318 1328 1344 1356 1393 1442 1497 1538 1572 1610 1616 1581 1522 1446 1397 1349 1326 1307 1255 1188 1136 1083 1023 975 945 918 890 862 840 837 833 822 810 784 762 742 727 716 705 692 697 710 720 724 735 750 766 773 786 808 832 854 882 906 930 948 955 954 951 939 918 894 855 820 796 765 730 704 693 700 718 739 748 762 775 781 778 780 786 794 800 810 820 838 859 875 892 913 930
1261 1268 1283 1299 1315 1364 1414 1450 1485 1513 1556 1609 1606 1549 1484 1433 1407 1384 1337 1255 1190 1142 1094 1042 1007 966 931 893 869 860 859 845 820 800 780 765 749 736 721 711 707 710 718 723 733 742 756 774 789 802 820 848 880 913 936 965 981 992 994 990 978 959 928 884 854 830 782 746 723 708 707 715 730 745 754 764 773 776 788 800 810 817 825 834 838 855 873 884 897 917
1212 1225 1238 1246 1287 1332 1371 1405 1434 1469 1509 1554 1582 1563 1525 1482 1435 1392 1332 1263 1206 1156 1101 1052 1017 979 953 934 908 888 874 846 819 802 790 787 769 750 734 727 719 720 727 735 744 753 765 788 804 821 844 878 917 938 964 991 1002 1012 1008 1000 987 966 934 897 869 834 790 754 729 724 722 721 724 732 739 746 755 769 786 797 807 815 829 846 859 869 879 890 897 917
1171 1179 1193 1207 1255 1289 1321 1353 1385 1423 1459 1503 1547 1573 1557 1510 1432 1373 1327 1277 1216 1152 1100 1071 1058 1032 1007 973 936 899 873 854 828 812 815 815 800 779 757 742 733 729 735 744 752 764 778 794 811 832 861 900 938 966 991 1003 1011 1020 1026 1009 971 943 916 888 861 821 787 758 737 736 735 733 736 738 746 754 759 765 780 793 801 813 837 858 866 875 886 895 906 920
1133 1139 1154 1178 1215 1248 1279 1315 1348 1382 1421 1461 1494 1534 1554 1512 1439 1372 1317 1258 1201 1158 1119 1085 1057 1031 1000 959 926 900 875 856 836 842 861 865 841 804 778 753 744 744 748 753 762 777 792 802 818 842 875 915 956 984 996 1009 1020 1036 1035 998 952 919 893 865 837 808 782 760 752 756 750 741 747 749 756 768 781 787 783 784 793 815 842 863 873 876 889 909 924 930
1093 1104 1123 1149 1173 1206 1243 1284 1309 1336 1373 1407 1446 1494 1532 1494 1437 1375 1310 1247 1186 1143 1107 1069 1034 1004 978 950 927 901 881 865 857 877 909 909 868 825 791 767 755 758 762 764 778 798 815 822 833 859 894 925 958 979 1003 1024 1040 1048 1025 982 937 907 875 846 822 796 777 766 774 775 757 753 759 761 768 776 795 808 800 796 795 811 838 865 889 895 901 916 941 952
1056 1072 1095 1124 1151 1177 1212 1243 1269 1298 1328 1360 1407 1453 1489 1475 1427 1357 1300 1245 1189 1145 1103 1062 1030 998 975 948 924 903 886 872 881 907 940 931 874 832 804 783 766 770 777 784 799 818 835 846 854 876 903 928 953 981 1012 1039 1062 1054 1011 969 924 890 863 838 818 795 780 781 784 773 763 766 771 772 778 786 800 814 817 815 806 817 850 882 907 919 929 935 953 965
1019 1041 1077 1099 1116 1138 1164 1194 1228 1256 1291 1331 1381 1415 1429 1420 1402 1354 1302 1249 1196 1150 1110 1070 1033 1008 983 954 931 916 904 904 925 951 970 937 883 844 816 791 779 787 796 806 827 845 862 873 883 894 911 931 956 990 1027 1059 1072 1044 1000 955 917 885 854 832 813 809 805 790 782 778 778 784 786 785 785 794 811 828 840 843 828 828 857 892 923 950 964 969 979 987
