input/grid_lc_clip.txt
ncols         241
nrows         121
xllcorner     -71.200416424533
yllcorner     -33.000416206563
cellsize      0.000833333333
NODATA_value  -9999
[rows 80 to 119 of 121, columns 90 to 179 of 241]
990 1020 1053 1065 1078 1097 1124 1161 1193 1224 1264 1301 1336 1356 1356 1348 1347 1345 1304 1248 1194 1149 1099 1061 1031 1009 988 967 953 951 934 926 952 982 988 955 897 850 824 801 795 804 817 833 851 869 885 896 911 920 929 943 968 997 1033 1068 1069 1039 995 951 910 879 848 829 828 833 819 799 795 797 798 798 797 797 797 802 818 839 862 874 854 845 866 905 940 971 991 1005 1015 1017
969 999 1021 1038 1052 1073 1102 1134 1172 1205 1229 1254 1283 1283 1278 1273 1273 1281 1290 1252 1201 1152 1106 1081 1065 1048 1021 993 987 991 964 948 968 999 999 964 913 869 838 818 809 819 836 857 877 896 912 925 940 954 960 968 988 1014 1040 1061 1049 1020 990 946 909 873 850 851 846 842 826 809 806 810 813 810 811 813 814 816 828 848 874 892 883 861 863 899 937 967 993 1013 1030 1038
951 974 993 1014 1031 1065 1097 1134 1155 1156 1168 1204 1232 1226 1213 1209 1205 1210 1229 1235 1218 1190 1164 1144 1123 1089 1050 1027 1035 1033 995 976 997 1022 1018 973 915 876 850 831 829 844 866 881 904 929 949 968 981 996 1005 1010 1022 1045 1062 1066 1034 1006 975 935 897 874 872 870 861 849 825 818 820 824 832 835 835 833 839 838 851 874 903 912 905 892 877 881 913 955 983 1002 1023 1043
935 950 969 995 1036 1079 1095 1105 1110 1101 1107 1146 1180 1182 1154 1148 1142 1146 1165 1185 1211 1229 1223 1202 1177 1137 1103 1082 1084 1070 1029 1007 1027 1051 1036 978 924 888 864 846 855 869 892 912 927 955 988 1015 1034 1046 1054 1055 1064 1081 1091 1069 1032 994 958 920 898 892 890 883 875 860 839 830 835 839 850 862 862 856 858 859 874 905 931 936 923 909 901 893 911 948 971 994 1018 1044
910 929 963 1004 1040 1059 1049 1054 1054 1053 1070 1095 1110 1119 1104 1096 1087 1079 1101 1125 1157 1189 1214 1227 1222 1196 1163 1148 1146 1120 1075 1052 1059 1070 1033 977 924 890 866 867 882 890 909 934 960 988 1017 1053 1081 1105 1111 1107 1108 1117 1104 1066 1024 984 945 931 925 918 913 902 886 863 847 839 845 849 863 878 889 889 890 892 899 926 946 957 950 944 935 917 905 920 954 978 1003 1024
908 939 969 995 1016 1019 1003 1001 1008 1014 1037 1061 1057 1062 1055 1046 1031 1026 1054 1068 1090 1119 1149 1180 1209 1222 1211 1199 1201 1174 1125 1101 1094 1080 1042 981 925 898 879 882 895 910 929 957 989 1026 1059 1099 1131 1162 1170 1164 1147 1120 1084 1049 1015 983 962 963 955 946 938 924 905 881 867 855 857 862 868 886 905 916 920 930 939 949 968 974 978 986 978 953 927 918 935 964 987 1008
907 932 941 956 970 975 961 956 967 988 1021 1032 1014 1004 1001 997 980 973 984 1005 1036 1063 1089 1117 1154 1190 1221 1229 1206 1171 1132 1098 1077 1048 1019 988 949 918 896 894 906 928 951 976 1011 1049 1092 1139 1183 1222 1228 1204 1163 1115 1075 1040 1011 998 1001 999 991 984 966 945 923 906 889 872 872 881 882 890 911 933 951 969 982 984 988 991 997 1009 1000 976 950 937 930 951 977 998
880 891 899 913 926 940 928 930 955 986 1016 1012 975 961 957 951 938 927 930 963 996 1024 1058 1095 1133 1168 1212 1234 1194 1151 1109 1073 1041 1010 990 967 945 926 915 913 922 936 956 984 1021 1056 1100 1146 1198 1244 1264 1230 1189 1138 1091 1052 1035 1044 1050 1053 1041 1024 1000 968 943 924 904 887 885 894 897 898 915 940 962 975 997 1006 1010 1009 1016 1024 1016 993 975 964 949 946 971 1004
847 846 858 871 886 892 900 923 962 982 983 974 945 919 916 916 908 898 920 964 1010 1056 1103 1142 1175 1212 1245 1262 1226 1175 1124 1084 1046 1024 1011 997 970 948 947 940 942 958 972 985 1007 1042 1086 1138 1188 1247 1289 1267 1216 1151 1093 1080 1086 1094 1105 1106 1089 1061 1024 994 964 938 919 900 904 911 915 916 920 934 956 972 997 1013 1024 1031 1042 1046 1042 1034 1015 987 969 959 976 1015
802 802 812 831 848 863 890 924 951 952 937 937 921 888 881 883 872 873 907 959 1019 1075 1123 1174 1216 1249 1273 1281 1266 1212 1151 1109 1083 1077 1064 1036 999 976 977 971 968 982 996 1010 1030 1062 1099 1139 1187 1248 1298 1278 1222 1161 1132 1131 1145 1150 1160 1153 1122 1082 1047 1014 978 956 941 935 941 944 939 936 941 951 969 987 1008 1023 1040 1051 1064 1067 1069 1067 1046 1010 990 974 976 1009
758 773 795 819 853 878 887 902 916 907 889 887 880 863 852 851 844 862 913 973 1025 1057 1095 1144 1181 1215 1228 1234 1257 1246 1200 1155 1139 1123 1103 1062 1018 1008 1012 1009 1002 1017 1039 1042 1067 1106 1137 1167 1204 1247 1293 1292 1233 1192 1193 1199 1207 1213 1210 1182 1142 1100 1058 1023 998 974 958 971 979 973 961 958 969 975 986 1004 1019 1033 1048 1063 1075 1081 1094 1085 1050 1030 1012 991 982 1001
753 796 832 855 864 862 851 860 879 871 845 845 839 834 822 818 827 856 899 944 978 1017 1061 1100 1140 1166 1161 1167 1200 1236 1234 1208 1188 1167 1126 1082 1044 1051 1058 1047 1029 1044 1077 1089 1108 1148 1185 1232 1265 1294 1321 1306 1258 1248 1262 1259 1262 1256 1227 1186 1153 1120 1082 1039 1002 979 979 997 1015 1002 990 991 997 1004 1005 1015 1044 1059 1065 1080 1095 1105 1111 1096 1071 1066 1049 1021 1002 1000
780 821 840 832 818 810 814 824 838 837 808 811 800 803 794 797 818 840 869 912 962 997 1026 1069 1106 1105 1099 1108 1147 1182 1209 1205 1196 1184 1147 1107 1088 1100 1101 1085 1074 1082 1113 1140 1167 1208 1263 1307 1322 1317 1301 1287 1285 1283 1295 1290 1287 1261 1226 1188 1148 1108 1073 1034 1003 1002 1011 1025 1042 1029 1015 1024 1037 1041 1036 1037 1062 1093 1100 1107 1126 1143 1138 1114 1105 1110 1088 1061 1045 1030
763 783 795 782 762 757 768 768 779 795 776 781 770 769 771 788 819 852 886 922 947 975 1001 1040 1060 1049 1040 1056 1091 1134 1165 1163 1149 1145 1128 1107 1116 1140 1143 1129 1130 1147 1166 1196 1235 1276 1304 1305 1276 1253 1243 1237 1255 1263 1280 1286 1283 1254 1211 1177 1135 1097 1061 1032 1026 1035 1056 1067 1067 1048 1042 1062 1080 1083 1080 1068 1083 1122 1140 1146 1165 1186 1181 1155 1158 1160 1136 1114 1089 1071
694 710 727 718 704 699 713 716 732 750 744 746 741 742 762 792 824 862 887 897 919 950 968 987 999 999 1004 1029 1062 1109 1133 1112 1088 1087 1075 1067 1095 1130 1137 1148 1180 1207 1234 1262 1285 1290 1273 1242 1214 1196 1188 1187 1202 1212 1235 1246 1248 1242 1218 1181 1136 1095 1071 1053 1055 1069 1092 1103 1091 1075 1080 1108 1132 1134 1128 1110 1117 1146 1178 1191 1204 1233 1228 1214 1220 1208 1183 1160 1131 1102
637 652 668 664 651 651 662 672 691 704 710 713 717 736 768 805 830 843 853 861 895 920 926 935 954 969 997 1032 1075 1111 1092 1059 1038 1036 1021 1018 1050 1073 1081 1109 1152 1196 1240 1270 1266 1232 1208 1185 1163 1150 1139 1138 1146 1157 1172 1193 1218 1241 1229 1200 1159 1122 1096 1085 1090 1105 1125 1138 1126 1119 1125 1157 1186 1190 1179 1158 1170 1192 1219 1241 1261 1278 1278 1276 1277 1252 1214 1183 1152 1118
579 598 610 612 610 621 634 649 667 678 687 698 713 730 752 775 790 800 812 839 864 882 897 922 966 1006 1043 1074 1103 1097 1055 1014 993 994 976 974 1005 1023 1033 1067 1108 1158 1209 1236 1216 1174 1144 1127 1113 1109 1097 1092 1104 1110 1138 1176 1213 1238 1234 1214 1194 1156 1127 1117 1117 1124 1147 1171 1173 1180 1182 1204 1237 1242 1222 1200 1211 1241 1263 1286 1306 1316 1325 1328 1312 1279 1232 1189 1155 1124
554 567 578 593 610 640 655 665 674 688 701 717 732 745 751 757 769 782 802 821 854 894 932 962 1002 1047 1070 1090 1099 1061 1015 975 954 953 938 943 973 978 996 1033 1082 1139 1181 1194 1158 1123 1097 1079 1071 1068 1056 1056 1064 1090 1133 1179 1213 1234 1238 1233 1222 1190 1161 1151 1149 1147 1167 1194 1215 1229 1238 1251 1275 1282 1264 1250 1259 1282 1311 1336 1355 1362 1365 1366 1333 1288 1232 1191 1156 1137
565 581 593 613 645 674 682 685 705 722 732 753 768 789 789 782 792 814 833 853 877 925 969 996 1009 1021 1028 1047 1065 1040 987 948 921 915 903 920 950 948 975 1010 1062 1117 1148 1140 1105 1080 1055 1037 1030 1027 1022 1029 1054 1090 1127 1160 1190 1222 1239 1248 1242 1227 1212 1195 1176 1173 1188 1215 1249 1266 1279 1296 1315 1328 1315 1306 1312 1332 1360 1390 1404 1412 1402 1377 1340 1293 1241 1197 1182 1182
600 605 622 643 676 712 719 719 723 756 772 794 819 840 827 815 815 848 888 904 927 962 988 983 971 974 986 1018 1039 1010 970 926 895 881 879 907 924 931 965 997 1041 1080 1101 1086 1060 1038 1016 1000 996 994 1001 1030 1060 1094 1114 1129 1159 1191 1221 1234 1229 1224 1235 1226 1201 1203 1215 1232 1257 1278 1289 1315 1343 1367 1372 1368 1372 1389 1413 1442 1455 1452 1428 1384 1341 1297 1254 1239 1235 1229
650 663 661 679 696 727 758 769 757 768 800 829 867 892 870 860 859 874 912 956 982 985 967 948 934 937 965 1000 1015 987 946 903 875 857 861 888 896 922 956 975 1003 1026 1046 1042 1014 995 983 970 967 972 997 1032 1059 1077 1082 1097 1124 1151 1180 1191 1179 1175 1196 1212 1219 1226 1234 1242 1264 1280 1292 1320 1355 1396 1416 1427 1437 1444 1467 1492 1506 1496 1461 1415 1372 1328 1297 1282 1271 1256
702 728 714 715 738 767 803 807 790 788 803 842 883 915 908 903 915 920 950 971 965 954 930 911 905 922 951 978 978 947 911 878 855 838 848 869 877 908 930 935 953 984 1009 997 976 958 950 942 946 965 999 1026 1037 1039 1046 1070 1094 1111 1128 1133 1128 1128 1149 1176 1203 1230 1241 1249 1272 1287 1297 1321 1352 1386 1414 1450 1480 1493 1503 1514 1517 1509 1491 1457 1414 1376 1342 1322 1302 1286
767 784 767 766 791 826 853 854 840 837 824 842 871 906 939 952 965 975 971 949 924 912 905 885 896 902 922 940 940 910 871 846 827 814 830 846 860 882 893 898 934 967 965 950 929 920 918 914 932 957 977 996 997 994 1014 1042 1052 1064 1079 1080 1084 1089 1116 1140 1166 1193 1226 1256 1276 1291 1303 1317 1341 1374 1412 1451 1488 1499 1486 1478 1475 1467 1466 1462 1447 1415 1382 1356 1342 1330
827 836 821 827 847 876 909 915 901 885 874 875 896 925 966 997 1005 989 959 930 898 874 870 861 873 883 895 898 906 882 848 822 803 794 807 819 833 845 859 888 921 933 918 902 893 887 890 885 908 929 939 956 949 959 987 1001 1007 1020 1031 1035 1048 1062 1084 1107 1138 1174 1218 1255 1276 1295 1312 1330 1353 1386 1413 1439 1465 1472 1453 1431 1422 1407 1406 1415 1413 1408 1407 1402 1389 1383
824 858 870 886 908 934 962 977 963 941 934 926 941 973 1007 1023 998 968 943 918 886 855 845 843 848 869 866 864 878 861 832 804 780 772 780 791 807 833 856 872 878 886 876 861 854 859 867 864 880 895 912 915 914 935 953 963 966 979 991 1006 1017 1038 1061 1094 1126 1154 1184 1219 1260 1303 1325 1339 1364 1389 1404 1423 1434 1439 1420 1394 1367 1347 1346 1358 1355 1356 1373 1389 1414 1438
795 841 884 929 946 957 972 988 1006 1008 998 994 1000 1002 1000 984 950 928 905 888 865 838 819 813 822 857 848 835 848 836 808 781 764 754 760 777 805 829 839 830 834 835 829 823 819 831 839 840 852 863 876 880 891 903 915 925 937 948 964 983 999 1019 1042 1067 1093 1121 1158 1205 1256 1302 1331 1345 1362 1375 1390 1399 1406 1409 1378 1340 1310 1279 1285 1307 1305 1309 1327 1350 1389 1432
804 836 871 908 918 927 941 964 1006 1045 1053 1036 1005 972 948 930 902 883 860 841 831 813 783 776 795 832 828 806 810 813 788 762 746 738 752 773 804 818 805 793 792 792 792 798 805 816 826 838 848 859 873 888 907 921 932 941 954 961 977 992 1003 1018 1039 1058 1077 1104 1143 1184 1227 1273 1316 1343 1353 1359 1365 1365 1374 1374 1338 1294 1249 1223 1233 1257 1251 1253 1281 1313 1350 1394
794 820 846 863 870 889 908 939 983 1026 1057 1038 987 946 908 883 856 844 837 804 783 779 760 744 752 789 804 782 774 782 768 741 725 727 745 774 800 795 771 757 763 771 785 809 833 848 858 870 881 894 912 926 944 960 966 971 977 986 1002 1027 1040 1049 1067 1089 1109 1119 1140 1178 1214 1256 1304 1342 1349 1342 1331 1318 1319 1314 1297 1259 1211 1180 1190 1207 1201 1213 1244 1278 1312 1353
761 798 812 818 833 856 882 915 950 1000 1049 1044 990 951 911 868 828 806 811 798 759 739 726 716 733 769 792 762 739 749 742 718 708 719 739 769 779 756 741 745 767 789 813 843 869 884 892 904 922 938 955 969 985 999 1006 1008 1007 1019 1036 1054 1075 1086 1095 1116 1146 1166 1189 1226 1259 1287 1317 1342 1351 1326 1291 1264 1255 1244 1241 1219 1181 1151 1146 1156 1159 1183 1207 1235 1272 1310
726 751 766 776 815 858 891 911 936 975 1018 1019 981 942 910 875 821 781 771 776 767 736 701 691 718 759 772 740 710 707 703 698 705 722 743 762 754 730 734 751 773 801 832 859 885 902 914 926 940 958 974 990 1008 1029 1045 1051 1051 1062 1073 1083 1097 1124 1135 1145 1173 1203 1224 1257 1297 1327 1331 1330 1329 1294 1261 1227 1208 1191 1183 1176 1154 1123 1108 1118 1133 1152 1169 1195 1232 1276
677 696 712 744 797 845 879 898 932 973 998 999 956 908 868 847 818 774 734 734 748 733 688 670 697 734 735 709 684 675 683 705 725 729 739 740 724 713 728 747 762 783 808 829 858 889 904 919 934 957 980 999 1014 1033 1053 1071 1083 1093 1097 1107 1119 1138 1162 1181 1206 1235 1260 1284 1311 1318 1299 1280 1263 1243 1211 1191 1178 1149 1124 1126 1123 1097 1080 1086 1101 1119 1139 1166 1204 1252
625 647 679 718 762 803 834 869 915 942 944 955 941 895 855 821 795 769 722 701 709 714 678 652 672 706 708 679 662 666 686 720 737 723 711 700 695 703 718 735 751 776 811 838 863 892 908 927 945 974 998 1017 1030 1046 1066 1086 1098 1105 1111 1127 1143 1156 1179 1200 1226 1243 1264 1285 1290 1271 1242 1211 1198 1188 1163 1144 1135 1115 1084 1080 1083 1070 1055 1060 1085 1124 1160 1196 1244 1288
627 668 719 747 770 796 832 870 911 896 878 896 901 864 831 791 752 726 709 681 674 689 676 637 651 677 674 650 650 672 697 714 715 703 683 682 700 714 729 754 777 806 842 877 893 914 935 946 965 992 1016 1037 1058 1075 1090 1104 1108 1118 1132 1154 1176 1193 1204 1210 1223 1238 1256 1266 1245 1216 1189 1160 1141 1133 1121 1099 1093 1085 1049 1040 1041 1029 1029 1054 1089 1134 1175 1217 1264 1308
655 704 761 805 831 849 863 884 882 848 818 834 846 837 788 745 710 683 666 664 647 659 662 628 625 642 635 631 652 669 679 681 674 672 677 694 721 740 753 767 800 833 862 892 917 934 952 960 973 991 1008 1039 1070 1098 1115 1121 1121 1131 1152 1179 1201 1206 1207 1203 1215 1233 1246 1243 1205 1172 1148 1131 1099 1080 1077 1067 1053 1048 1028 1010 1004 1004 1024 1047 1078 1116 1158 1203 1248 1281
669 722 777 837 878 895 894 869 825 799 768 764 783 794 764 705 674 650 631 633 620 627 625 609 605 613 612 621 629 639 646 650 661 686 708 718 738 759 777 789 808 836 861 886 909 923 942 961 980 1000 1021 1047 1074 1103 1121 1127 1128 1138 1157 1181 1194 1190 1184 1187 1204 1216 1226 1207 1171 1137 1108 1088 1070 1041 1033 1032 1023 1013 1002 987 979 999 1024 1052 1090 1126 1167 1212 1253 1284
695 746 799 847 869 879 867 831 785 753 720 707 722 742 742 694 646 622 606 596 589 591 585 589 595 601 614 624 632 636 640 655 686 718 747 751 766 790 802 807 822 842 861 881 900 919 944 970 991 1012 1039 1065 1085 1109 1126 1133 1139 1148 1163 1170 1166 1157 1155 1165 1180 1183 1192 1177 1143 1106 1074 1051 1033 1015 996 995 995 986 973 962 966 992 1015 1045 1083 1121 1165 1210 1242 1265
680 730 781 809 810 809 815 809 767 721 687 663 671 685 696 673 630 597 582 570 566 573 583 613 630 626 632 651 668 675 669 670 703 740 776 784 793 821 830 831 843 860 879 901 915 932 961 990 1014 1039 1063 1086 1101 1118 1135 1147 1149 1152 1155 1147 1137 1124 1122 1135 1146 1144 1146 1142 1113 1076 1055 1024 998 985 971 959 958 955 945 942 960 987 1013 1040 1074 1108 1146 1179 1200 1226
643 693 735 747 741 736 759 783 751 709 670 638 624 626 641 617 590 568 556 556 575 606 609 629 661 665 656 676 710 725 718 702 718 753 790 810 819 844 854 852 861 881 909 934 946 961 986 1011 1038 1068 1094 1106 1123 1135 1143 1143 1138 1133 1126 1117 1105 1093 1093 1109 1117 1101 1098 1109 1088 1056 1028 1014 991 961 949 934 930 928 925 931 957 986 1011 1039 1064 1089 1117 1133 1151 1171
626 673 679 666 670 680 711 750 740 710 674 631 602 591 592 578 553 540 547 565 595 636 641 643 665 682 686 687 723 760 760 738 739 762 794 827 849 868 874 872 878 899 926 957 978 1000 1015 1034 1060 1084 1114 1129 1140 1138 1129 1125 1118 1109 1098 1089 1076 1060 1059 1074 1069 1052 1052 1063 1049 1022 994 980 975 948 924 912 905 904 911 931 951 969 994 1016 1029 1048 1069 1084 1112 1120
602 630 626 614 607 613 663 694 694 675 657 629 598 571 559 548 532 539 582 617 626 657 677 684 705 709 715 713 742 788 792 782 783 794 817 840 862 884 893 898 906 920 951 978 1005 1029 1049 1067 1082 1098 1114 1131 1128 1117 1110 1107 1102 1092 1077 1063 1042 1018 1013 1027 1020 1006 1009 1022 1003 976 960 949 936 926 906 892 884 889 910 925 927 941 961 973 980 1001 1016 1042 1067 1058
