input/slope_map.asc
ncols        247
nrows        130
xllcorner    -71.202923984545
yllcorner    -33.004067025942
cellsize     0.000829669819
NODATA_value  -9999
[rows 36 to 53 of 130, columns 164 to 204 of 247]
12.121774673461914062 6.7746710777282714844 7.1781573295593261719 11.149419784545898438 13.251413345336914062 13.525608062744140625 14.212006568908691406 14.084885597229003906 14.72348785400390625 16.420185089111328125 16.252979278564453125 14.275560379028320312 12.646234512329101562 11.6525421142578125 10.393555641174316406 10.408113479614257812 10.769739151000976562 10.738430976867675781 10.192110061645507812 9.1515703201293945312 9.0649623870849609375 8.7276163101196289062 8.2908573150634765625 7.9109649658203125 7.5072650909423828125 7.32186126708984375 6.8267178535461425781 7.1608333587646484375 9.2475728988647460938 11.874298095703125 13.072750091552734375 13.589948654174804688 16.1028289794921875 19.49663543701171875 19.737279891967773438 16.23230743408203125 12.105535507202148438 10.785737037658691406 13.067630767822265625 16.372323989868164062 19.189821243286132812
7.9621181488037109375 8.15026092529296875 4.5859198570251464844 4.1164135932922363281 7.0232872962951660156 10.0708160400390625 11.035132408142089844 11.835173606872558594 14.655919075012207031 16.47911834716796875 15.387178421020507812 13.628252983093261719 12.916074752807617188 13.191056251525878906 12.968486785888671875 13.173110008239746094 12.304906845092773438 9.7794589996337890625 7.5613112449645996094 6.945278167724609375 7.8888268470764160156 7.7795929908752441406 8.38967132568359375 9.3428173065185546875 9.41412353515625 9.08321380615234375 8.164943695068359375 7.0444178581237792969 8.10417938232421875 10.441758155822753906 11.749928474426269531 13.510596275329589844 16.947399139404296875 19.243610382080078125 17.9987030029296875 14.696046829223632812 11.880116462707519531 11.327266693115234375 14.138254165649414062 18.21106719970703125 19.624330520629882812
11.141903877258300781 11.490987777709960938 9.6565761566162109375 4.6070809364318847656 4.4521417617797851562 8.4841699600219726562 10.936703681945800781 13.521431922912597656 15.582113265991210938 15.500655174255371094 15.072037696838378906 15.595310211181640625 16.769954681396484375 17.575122833251953125 16.572910308837890625 15.414675712585449219 14.091406822204589844 11.444186210632324219 8.4961261749267578125 8.4794435501098632812 8.4473896026611328125 7.8286609649658203125 9.5879545211791992188 11.335621833801269531 10.894991874694824219 10.019145011901855469 9.2118062973022460938 8.319248199462890625 7.3022451400756835938 7.7954545021057128906 9.5225419998168945312 12.630644798278808594 16.274335861206054688 18.437578201293945312 18.861957550048828125 18.322843551635742188 16.709581375122070312 15.335780143737792969 17.120912551879882812 20.552026748657226562 19.714763641357421875
13.972085952758789062 14.519680023193359375 12.906408309936523438 9.3531789779663085938 4.1182475090026855469 6.5173554420471191406 11.445576667785644531 14.897777557373046875 16.101123809814453125 16.529972076416015625 18.042966842651367188 19.979694366455078125 20.73193359375 19.331899642944335938 16.379177093505859375 14.861926078796386719 14.583499908447265625 13.667675018310546875 12.008096694946289062 12.414166450500488281 11.232863426208496094 9.44490814208984375 10.300738334655761719 10.738724708557128906 8.8292026519775390625 8.2320718765258789062 8.8536176681518554688 9.7965230941772460938 9.25146484375 7.9786615371704101562 7.8490786552429199219 9.439044952392578125 11.925263404846191406 14.290326118469238281 16.4552001953125 18.362789154052734375 18.921033859252929688 18.512887954711914062 19.972547531127929688 22.570940017700195312 21.451997756958007812
15.903263092041015625 16.684906005859375 15.135298728942871094 12.825253486633300781 9.5049657821655273438 7.9303269386291503906 10.279970169067382812 14.098679542541503906 17.148546218872070312 19.736967086791992188 22.3162689208984375 23.884378433227539062 22.844738006591796875 19.101062774658203125 15.460852622985839844 14.554174423217773438 14.492140769958496094 13.61678314208984375 12.422262191772460938 13.096820831298828125 12.631519317626953125 11.708955764770507812 10.592547416687011719 8.9370393753051757812 6.1570081710815429688 6.4675612449645996094 8.9472942352294921875 11.046550750732421875 12.188231468200683594 11.422068595886230469 9.5716991424560546875 8.389835357666015625 8.293048858642578125 8.925937652587890625 10.661978721618652344 13.32037353515625 15.325409889221191406 16.514251708984375 18.727151870727539062 21.22308349609375 21.103778839111328125
15.486166000366210938 17.276052474975585938 16.401594161987304688 13.843850135803222656 11.782366752624511719 11.453180313110351562 13.061768531799316406 16.451128005981445312 20.083494186401367188 22.67200469970703125 23.98648834228515625 23.932889938354492188 22.276166915893554688 19.595716476440429688 17.070590972900390625 15.411908149719238281 14.583637237548828125 13.084199905395507812 11.441585540771484375 12.315424919128417969 13.048595428466796875 13.704751968383789062 12.380168914794921875 9.96796417236328125 7.8525691032409667969 7.6961703300476074219 10.480359077453613281 12.404211997985839844 13.984499931335449219 13.586637496948242188 10.246710777282714844 7.4886798858642578125 7.2472643852233886719 7.5236902236938476562 7.8636965751647949219 9.192180633544921875 10.892862319946289062 12.437223434448242188 14.386454582214355469 16.2330322265625 16.363183975219726562
15.209424972534179688 17.443166732788085938 16.304830551147460938 13.5618133544921875 13.455473899841308594 15.785869598388671875 18.093782424926757812 20.217237472534179688 21.789215087890625 22.296072006225585938 21.974565505981445312 21.244497299194335938 21.17905426025390625 21.6433258056640625 20.851070404052734375 18.775493621826171875 16.535123825073242188 13.601945877075195312 11.426843643188476562 12.64794921875 13.374796867370605469 13.441202163696289062 12.280182838439941406 11.401154518127441406 10.74169158935546875 10.038127899169921875 12.278289794921875 13.528359413146972656 13.019513130187988281 13.307381629943847656 10.967194557189941406 7.4694123268127441406 6.9580616950988769531 7.7417073249816894531 8.20616912841796875 8.3381605148315429688 8.191875457763671875 8.3781795501708984375 8.8004674911499023438 8.3865556716918945312 7.1538262367248535156
15.353250503540039062 16.0962982177734375 15.913900375366210938 15.431418418884277344 16.912649154663085938 19.833415985107421875 21.867786407470703125 23.377567291259765625 23.897365570068359375 22.691623687744140625 19.576387405395507812 16.839534759521484375 18.75296783447265625 23.005262374877929688 24.270359039306640625 22.7274932861328125 19.578935623168945312 15.155925750732421875 11.772215843200683594 12.134514808654785156 11.302939414978027344 10.827897071838378906 10.650517463684082031 11.554394721984863281 12.327921867370605469 12.605545997619628906 14.073128700256347656 13.572697639465332031 10.426227569580078125 11.929471969604492188 10.971040725708007812 8.2421855926513671875 7.2721333503723144531 7.5320758819580078125 8.1655130386352539062 8.7610645294189453125 8.8313961029052734375 8.5037164688110351562 8.3401575088500976562 7.9240088462829589844 6.6663174629211425781
14.828855514526367188 15.181981086730957031 15.152140617370605469 15.635766029357910156 18.382543563842773438 21.085031509399414062 22.742605209350585938 24.2906951904296875 25.229177474975585938 24.48026275634765625 21.06365203857421875 14.927825927734375 12.076607704162597656 16.81591033935546875 22.930149078369140625 24.405345916748046875 22.34808349609375 17.404056549072265625 11.993445396423339844 10.555917739868164062 9.0467863082885742188 9.3348093032836914062 10.36101531982421875 12.036685943603515625 13.448392868041992188 14.709270477294921875 14.833062171936035156 11.855928421020507812 8.6493577957153320312 10.425805091857910156 9.1603755950927734375 8.1109676361083984375 7.9208765029907226562 7.4108982086181640625 7.4949665069580078125 8.1342334747314453125 8.4400234222412109375 8.3686208724975585938 8.1909284591674804688 7.7569212913513183594 6.9947066307067871094
11.604272842407226562 12.194395065307617188 13.148005485534667969 16.07819366455078125 20.071271896362304688 22.527723312377929688 22.932369232177734375 22.433393478393554688 22.38311004638671875 22.909025192260742188 23.156187057495117188 20.923116683959960938 14.29682159423828125 9.6957769393920898438 13.358302116394042969 19.379566192626953125 20.594137191772460938 17.096673965454101562 11.578214645385742188 10.461423873901367188 10.140745162963867188 10.782564163208007812 11.59786224365234375 12.879399299621582031 13.905103683471679688 14.483350753784179688 13.178254127502441406 9.6102991104125976562 9.5350885391235351562 8.986324310302734375 7.0612964630126953125 7.9200673103332519531 8.7402601242065429688 8.1228876113891601562 7.3095197677612304688 7.8454575538635253906 8.837604522705078125 8.6636409759521484375 7.7899718284606933594 7.2677745819091796875 7.1130580902099609375
9.0402345657348632812 11.45958709716796875 14.987344741821289062 18.397809982299804688 21.127124786376953125 22.578886032104492188 21.706623077392578125 19.175577163696289062 18.09561920166015625 20.120174407958984375 23.481403350830078125 25.297479629516601562 23.233158111572265625 18.578868865966796875 16.175252914428710938 17.0959014892578125 17.243249893188476562 12.479642868041992188 6.33599090576171875 8.2992734909057617188 8.644622802734375 8.9681835174560546875 9.2982883453369140625 11.020333290100097656 11.118471145629882812 10.682727813720703125 8.6039028167724609375 9.32352447509765625 10.789979934692382812 7.3674893379211425781 8.3676061630249023438 10.036746978759765625 10.102474212646484375 9.3095293045043945312 7.9807958602905273438 7.757526397705078125 8.7673444747924804688 9.0840291976928710938 8.26120758056640625 7.6001658439636230469 7.6536040306091308594
8.3967418670654296875 11.617128372192382812 15.982687950134277344 19.161706924438476562 19.923603057861328125 20.3538360595703125 20.756565093994140625 20.047750473022460938 19.7266845703125 21.416803359985351562 24.120103836059570312 25.97884368896484375 26.217172622680664062 25.655294418334960938 25.523595809936523438 24.9929656982421875 22.03089141845703125 15.889263153076171875 10.723880767822265625 10.061832427978515625 5.61801910400390625 3.7991921901702880859 4.8006930351257324219 7.8925518989562988281 5.6703996658325195312 3.2911877632141113281 6.7527790069580078125 11.005895614624023438 8.6026172637939453125 6.8836889266967773438 10.397952079772949219 11.830690383911132812 11.352916717529296875 10.038968086242675781 8.014820098876953125 7.3821167945861816406 8.34986114501953125 9.155994415283203125 8.9453268051147460938 8.3992481231689453125 8.4736070632934570312
7.4128007888793945312 10.473305702209472656 14.700781822204589844 17.734579086303710938 18.198657989501953125 19.309844970703125 21.810085296630859375 23.08541107177734375 22.913492202758789062 23.444147109985351562 24.90033721923828125 25.818487167358398438 26.358480453491210938 27.122776031494140625 27.584362030029296875 26.4864959716796875 23.07564544677734375 18.769329071044921875 16.698577880859375 16.118722915649414062 12.959913253784179688 11.223150253295898438 10.735483169555664062 12.14311981201171875 10.5885467529296875 5.8953294754028320312 8.3478155136108398438 9.2576227188110351562 5.9481911659240722656 9.7270631790161132812 12.406694412231445312 11.834828376770019531 10.659814834594726562 9.7427196502685546875 7.5751314163208007812 7.5434484481811523438 8.8624849319458007812 9.3121309280395507812 9.1149158477783203125 9.0123224258422851562 9.312038421630859375
7.8939361572265625 8.18010711669921875 10.672663688659667969 13.593083381652832031 14.874825477600097656 16.611026763916015625 19.072908401489257812 20.543321609497070312 20.686674118041992188 21.644252777099609375 23.426855087280273438 24.21471405029296875 24.439908981323242188 24.530239105224609375 23.377351760864257812 20.415912628173828125 16.886537551879882812 15.357697486877441406 16.353946685791015625 16.430093765258789062 13.880970954895019531 11.44979095458984375 10.693980216979980469 11.781347274780273438 11.738847732543945312 8.5411243438720703125 6.9214048385620117188 3.1191599369049072266 6.9062652587890625 11.926507949829101562 13.216993331909179688 10.295807838439941406 9.037506103515625 9.1130723953247070312 7.57482147216796875 8.2686910629272460938 9.5944604873657226562 9.6691570281982421875 9.3587322235107421875 9.4385051727294921875 9.6309185028076171875
12.10344696044921875 9.8569269180297851562 8.91693878173828125 8.8809137344360351562 8.1418437957763671875 8.5398168563842773438 10.912694931030273438 12.778140068054199219 13.260677337646484375 14.581056594848632812 16.81855010986328125 17.712507247924804688 17.018171310424804688 15.34635162353515625 13.105006217956542969 10.737590789794921875 9.114231109619140625 9.4202299118041992188 11.115407943725585938 11.713327407836914062 10.420342445373535156 8.8896055221557617188 8.7530879974365234375 9.6613311767578125 9.3174695968627929688 6.7344183921813964844 4.514255523681640625 3.7613286972045898438 8.11040496826171875 10.756341934204101562 10.156496047973632812 6.375194549560546875 7.9063363075256347656 8.8129339218139648438 7.442852020263671875 8.13216400146484375 9.7289457321166992188 10.323973655700683594 10.101727485656738281 9.7692012786865234375 9.5472316741943359375
18.046339035034179688 17.771894454956054688 17.988397598266601562 16.663990020751953125 13.40010833740234375 9.8333950042724609375 8.3435077667236328125 8.5392808914184570312 8.1361074447631835938 8.4081163406372070312 9.5424242019653320312 9.8131933212280273438 9.1925058364868164062 8.7048273086547851562 8.5675630569458007812 8.5523443222045898438 8.413112640380859375 8.2399768829345703125 8.3132257461547851562 8.3640394210815429688 7.92673492431640625 7.2999186515808105469 7.2756862640380859375 7.8233828544616699219 7.1426663398742675781 5.3486804962158203125 4.6026244163513183594 6.1932220458984375 8.833469390869140625 10.104544639587402344 8.7641620635986328125 4.52819061279296875 6.2880921363830566406 8.1792135238647460938 7.7324190139770507812 8.2210369110107421875 9.8107080459594726562 10.7577972412109375 10.5545654296875 9.8916063308715820312 9.1572322845458984375
22.35882568359375 25.009014129638671875 26.109348297119140625 24.851955413818359375 21.035337448120117188 15.279875755310058594 10.015749931335449219 8.2190074920654296875 7.3671488761901855469 7.7208738327026367188 8.7775659561157226562 9.6756563186645507812 10.795866012573242188 12.304694175720214844 13.453395843505859375 13.728507041931152344 13.018857002258300781 11.381587028503417969 9.3562526702880859375 7.8892168998718261719 7.3043308258056640625 7.0557589530944824219 6.9322376251220703125 7.0389490127563476562 7.0036759376525878906 7.0301079750061035156 7.1265549659729003906 6.9254555702209472656 8.1300134658813476562 9.441928863525390625 8.9258813858032226562 5.7915225028991699219 4.7553210258483886719 7.1124835014343261719 8.5883197784423828125 8.8503026962280273438 9.1061925888061523438 9.8020048141479492188 9.4195804595947265625 8.8773088455200195312 8.983768463134765625
25.281351089477539062 27.81798553466796875 27.724365234375 25.747091293334960938 22.991704940795898438 17.923257827758789062 10.652764320373535156 7.7368369102478027344 7.6112437248229980469 9.1101741790771484375 10.744990348815917969 11.966198921203613281 13.449552536010742188 15.428842544555664062 16.926939010620117188 17.97872161865234375 18.654947280883789062 17.85576629638671875 14.791616439819335938 10.516892433166503906 7.61798858642578125 7.2131977081298828125 7.5144224166870117188 7.8663454055786132812 8.4691715240478515625 8.8315000534057617188 8.1879491806030273438 7.1592249870300292969 7.56571197509765625 8.5744218826293945312 8.8294515609741210938 7.3902106285095214844 5.30936431884765625 7.3505840301513671875 9.5927181243896484375 9.637363433837890625 8.416202545166015625 8.7319517135620117188 8.6503009796142578125 8.1416530609130859375 8.7640218734741210938
