input/slope_map.asc
ncols        247
nrows        130
xllcorner    -71.202923984545
yllcorner    -33.004067025942
cellsize     0.000829669819
NODATA_value  -9999
[rows 18 to 35 of 130, columns 123 to 163 of 247]
5.2856612205505371094 3.2388145923614501953 2.3321628570556640625 1.9611971378326416016 1.7578990459442138672 1.4834827184677124023 1.3235906362533569336 1.1127233505249023438 1.0325541496276855469 1.0345468521118164062 1.2964549064636230469 3.6497938632965087891 5.2424416542053222656 6.446590423583984375 7.1423401832580566406 6.0602631568908691406 5.3037872314453125 5.4446539878845214844 4.9157590866088867188 4.0112671852111816406 3.5715999603271484375 3.9744155406951904297 4.7633075714111328125 5.1821513175964355469 5.2068772315979003906 5.1136636734008789062 5.0824875831604003906 4.9281396865844726562 4.5428175926208496094 4.8386435508728027344 4.6648912429809570312 3.9206016063690185547 3.9624283313751220703 4.2947292327880859375 3.8946878910064697266 3.1404540538787841797 3.0673344135284423828 4.7922229766845703125 6.9732737541198730469 7.2327795028686523438 5.8683876991271972656
8.6204595565795898438 6.1349925994873046875 4.7062702178955078125 3.370540618896484375 2.1526439189910888672 1.3319520950317382812 1.1885039806365966797 1.41861724853515625 1.5137076377868652344 1.347979426383972168 1.2697733640670776367 4.0000185966491699219 6.7306046485900878906 6.6991391181945800781 8.7442979812622070312 11.277194976806640625 12.511008262634277344 12.310987472534179688 10.59227752685546875 8.1139097213745117188 6.0691394805908203125 5.7954959869384765625 6.2374176979064941406 6.2217378616333007812 6.1928052902221679688 6.149211883544921875 6.1328463554382324219 6.3312888145446777344 6.0932641029357910156 5.7147727012634277344 5.3147492408752441406 4.7106723785400390625 4.5507454872131347656 4.36003875732421875 4.0956778526306152344 4.4095625877380371094 5.3783764839172363281 6.9682602882385253906 7.8986563682556152344 7.1144518852233886719 5.2520251274108886719
11.30648040771484375 8.2553253173828125 6.4473428726196289062 4.9408411979675292969 3.4777791500091552734 2.1097180843353271484 1.6441454887390136719 1.9026435613632202148 1.8037114143371582031 1.4173084497451782227 1.2609865665435791016 3.5627460479736328125 7.8456144332885742188 8.1101207733154296875 9.1576757431030273438 13.03900146484375 16.391155242919921875 17.401020050048828125 16.820993423461914062 14.829381942749023438 11.456690788269042969 8.505702972412109375 7.4291696548461914062 7.7954607009887695312 8.202693939208984375 7.82141876220703125 7.5127887725830078125 7.5714540481567382812 6.9620509147644042969 6.1861715316772460938 6.1872458457946777344 6.5070743560791015625 6.6848268508911132812 5.8815736770629882812 4.8968591690063476562 4.8247418403625488281 5.8220057487487792969 7.1813426017761230469 7.1891088485717773438 5.8668718338012695312 4.9229044914245605469
11.536165237426757812 8.6685838699340820312 7.2938008308410644531 6.5462083816528320312 5.4235377311706542969 3.74454498291015625 2.6670320034027099609 2.2657675743103027344 1.8520793914794921875 1.5773591995239257812 1.3230290412902832031 2.7566442489624023438 7.4616341590881347656 10.461995124816894531 10.871623039245605469 13.452740669250488281 16.662290573120117188 18.495874404907226562 19.804597854614257812 19.910696029663085938 17.496320724487304688 13.060688972473144531 9.43701934814453125 9.1198291778564453125 8.9198093414306640625 8.3550519943237304688 8.3230657577514648438 8.3554716110229492188 7.6421327590942382812 6.6653699874877929688 5.6861929893493652344 6.0478339195251464844 6.7109546661376953125 7.8474745750427246094 8.1767015457153320312 7.5180993080139160156 7.2098264694213867188 7.7590718269348144531 7.2349724769592285156 5.6386036872863769531 4.8740901947021484375
10.610230445861816406 8.0501556396484375 7.2859663963317871094 7.122928619384765625 6.502277374267578125 4.8763108253479003906 3.4828271865844726562 2.6152255535125732422 2.1677789688110351562 2.1392769813537597656 1.8282073736190795898 2.2795400619506835938 6.4828405380249023438 11.857519149780273438 14.448243141174316406 16.214038848876953125 16.906063079833984375 16.499301910400390625 18.181119918823242188 20.754039764404296875 20.848524093627929688 17.176891326904296875 11.575705528259277344 9.1149053573608398438 8.699794769287109375 8.4241809844970703125 8.4116382598876953125 8.4240512847900390625 8.3375425338745117188 8.3901281356811523438 7.6896653175354003906 7.2400326728820800781 6.8143563270568847656 7.1631789207458496094 8.293682098388671875 8.972263336181640625 9.0526885986328125 9.1995296478271484375 8.050140380859375 6.1594214439392089844 4.360492706298828125
10.229047775268554688 8.4886646270751953125 9.11163330078125 9.5522823333740234375 8.99237060546875 6.8004131317138671875 4.7639532089233398438 3.7411539554595947266 3.12718963623046875 2.930049896240234375 2.4663240909576416016 2.1011712551116943359 5.7067880630493164062 11.902758598327636719 15.751814842224121094 17.498813629150390625 17.456989288330078125 14.194931983947753906 12.093199729919433594 15.292874336242675781 20.2838592529296875 20.429098129272460938 14.536768913269042969 9.5089054107666015625 9.3388042449951171875 9.2469034194946289062 9.1276044845581054688 8.8664484024047851562 9.1525287628173828125 9.7277288436889648438 9.43618011474609375 8.1229696273803710938 7.2472705841064453125 6.9648113250732421875 6.8943676948547363281 7.4295186996459960938 7.8038272857666015625 7.4036397933959960938 5.8713631629943847656 5.115543365478515625 4.4356522560119628906
10.872967720031738281 12.048166275024414062 15.116381645202636719 16.921276092529296875 15.983584403991699219 11.560307502746582031 6.9427733421325683594 5.2749409675598144531 4.3384833335876464844 3.7719700336456298828 3.2406446933746337891 2.0728690624237060547 4.0245623588562011719 10.173419952392578125 15.048312187194824219 18.073713302612304688 20.145526885986328125 19.134958267211914062 14.633710861206054688 9.9894084930419921875 14.049749374389648438 21.1146240234375 18.387472152709960938 12.2453765869140625 11.444516181945800781 11.972027778625488281 11.707169532775878906 10.07451629638671875 9.5472259521484375 9.8897390365600585938 10.081315994262695312 9.2104167938232421875 8.2913961410522460938 7.8250589370727539062 7.3504343032836914062 7.6192555427551269531 8.0136871337890625 7.5900807380676269531 6.4071550369262695312 5.8404774665832519531 5.8623914718627929688
13.426027297973632812 17.544469833374023438 20.162038803100585938 20.975717544555664062 20.582340240478515625 15.523692131042480469 8.6127262115478515625 5.9289221763610839844 4.7257323265075683594 3.9051036834716796875 3.4405527114868164062 2.616268157958984375 1.7722221612930297852 5.8542613983154296875 10.778871536254882812 14.480044364929199219 17.595790863037109375 20.125522613525390625 20.566942214965820312 15.693741798400878906 11.41458892822265625 16.411251068115234375 20.852390289306640625 16.245922088623046875 13.608386039733886719 15.299909591674804688 14.907205581665039062 12.514536857604980469 10.233284950256347656 10.810586929321289062 12.143915176391601562 12.267358779907226562 10.877101898193359375 9.2755794525146484375 8.4608144760131835938 8.733478546142578125 9.078369140625 8.7451162338256835938 7.8087549209594726562 6.7074370384216308594 6.0696825981140136719
18.43418121337890625 20.20099639892578125 19.10727691650390625 19.775526046752929688 21.520940780639648438 16.188795089721679688 8.889667510986328125 6.1025590896606445312 5.0998020172119140625 4.3786973953247070312 3.8529503345489501953 3.2504408359527587891 2.0199472904205322266 2.6797268390655517578 6.8528900146484375 11.185572624206542969 13.69150543212890625 15.30023193359375 17.609331130981445312 18.634038925170898438 13.389489173889160156 10.200921058654785156 15.073696136474609375 16.130434036254882812 13.556313514709472656 16.58621978759765625 15.635621070861816406 15.361541748046875 12.183102607727050781 14.081820487976074219 15.932581901550292969 16.231779098510742188 13.851956367492675781 10.5067291259765625 9.1650190353393554688 9.3542194366455078125 9.2881908416748046875 8.6764974594116210938 8.0305156707763671875 6.4652910232543945312 5.1313714981079101562
19.62653350830078125 16.488311767578125 15.565621376037597656 20.353689193725585938 20.99275970458984375 14.045968055725097656 7.972019195556640625 6.2627778053283691406 5.7110261917114257812 5.2460751533508300781 4.6108460426330566406 3.8952243328094482422 2.5360841751098632812 1.6831073760986328125 6.243389129638671875 12.9457550048828125 17.37758636474609375 18.349966049194335938 17.091444015502929688 15.13312530517578125 12.886814117431640625 7.0392303466796875 7.6463198661804199219 12.643483161926269531 12.876359939575195312 15.878314018249511719 13.89565277099609375 16.6336212158203125 14.337368965148925781 17.437044143676757812 18.425359725952148438 18.628091812133789062 16.486181259155273438 11.985887527465820312 9.9968051910400390625 10.131571769714355469 9.6178445816040039062 8.8061704635620117188 8.7591915130615234375 6.7874283790588378906 4.8025498390197753906
13.275147438049316406 13.447094917297363281 18.474323272705078125 21.789945602416992188 17.6494598388671875 10.285754203796386719 6.4970483779907226562 5.9708652496337890625 5.9832243919372558594 5.8250803947448730469 5.1847906112670898438 4.4160141944885253906 3.0056710243225097656 1.6515821218490600586 5.0410013198852539062 12.966709136962890625 20.542673110961914062 22.242914199829101562 19.441518783569335938 16.1234588623046875 13.907805442810058594 12.276264190673828125 12.314119338989257812 13.1722412109375 13.911646842956542969 14.484496116638183594 13.49930572509765625 15.147409439086914062 15.775399208068847656 19.668066024780273438 18.750087738037109375 18.886903762817382812 18.590290069580078125 14.608345985412597656 12.530145645141601562 11.415425300598144531 10.045018196105957031 9.8221378326416015625 10.524699211120605469 8.5908355712890625 6.8581156730651855469
15.893420219421386719 19.765615463256835938 20.996599197387695312 17.368709564208984375 11.826741218566894531 7.6826028823852539062 5.8591060638427734375 5.4971551895141601562 6.63481903076171875 7.75771331787109375 7.3997693061828613281 5.4894266128540039062 3.2150032520294189453 1.7639205455780029297 3.3842620849609375 10.777269363403320312 21.048749923706054688 26.062017440795898438 23.389850616455078125 18.302692413330078125 16.05727386474609375 15.210448265075683594 13.640878677368164062 13.581630706787109375 13.271404266357421875 12.884401321411132812 14.207219123840332031 12.228612899780273438 16.118082046508789062 21.08521270751953125 19.144496917724609375 19.859582901000976562 20.821224212646484375 18.506715774536132812 16.896669387817382812 13.794952392578125 11.163305282592773438 11.213988304138183594 11.789332389831542969 11.000300407409667969 11.996929168701171875
21.817243576049804688 19.004583358764648438 13.978041648864746094 9.7502498626708984375 7.7688269615173339844 7.0053586959838867188 6.4512720108032226562 7.3576407432556152344 10.482716560363769531 12.742700576782226562 12.982290267944335938 8.4680700302124023438 3.5953466892242431641 1.9291683435440063477 2.3305370807647705078 8.0254678726196289062 18.90154266357421875 27.182163238525390625 27.942136764526367188 22.5871124267578125 16.876024246215820312 13.321331024169921875 11.384070396423339844 12.137381553649902344 11.569408416748046875 12.433691024780273438 15.97661590576171875 12.963476181030273438 17.164091110229492188 22.00699615478515625 20.696634292602539062 22.3014984130859375 24.47618865966796875 23.065746307373046875 20.92139434814453125 17.72338104248046875 15.005070686340332031 14.345988273620605469 12.744896888732910156 11.948750495910644531 15.057706832885742188
16.910089492797851562 11.513165473937988281 8.15785980224609375 7.0162992477416992188 7.412647247314453125 8.7851848602294921875 10.584486961364746094 13.147524833679199219 15.600226402282714844 17.07935333251953125 19.499248504638671875 13.801304817199707031 5.5888342857360839844 2.2994396686553955078 2.0770962238311767578 5.89829254150390625 15.670884132385253906 25.71009063720703125 29.48181915283203125 26.6300811767578125 20.192300796508789062 12.225864410400390625 8.87886810302734375 11.094575881958007812 11.775224685668945312 14.893443107604980469 20.40790557861328125 18.648756027221679688 20.015010833740234375 22.300785064697265625 22.171388626098632812 23.092136383056640625 26.670864105224609375 25.923658370971679688 24.063177108764648438 21.58065032958984375 19.4047393798828125 17.980564117431640625 13.761284828186035156 11.780150413513183594 15.444744110107421875
10.720702171325683594 8.4542074203491210938 8.6089611053466796875 10.140470504760742188 12.645264625549316406 15.429056167602539062 17.041589736938476562 17.396371841430664062 16.936281204223632812 17.93874359130859375 23.265523910522460938 18.93117523193359375 9.6060514450073242188 3.8669717311859130859 2.328395843505859375 3.8294768333435058594 11.987064361572265625 22.833677291870117188 28.282037734985351562 28.275074005126953125 25.783355712890625 18.8528289794921875 8.8325548171997070312 7.2847819328308105469 11.738101959228515625 18.232547760009765625 24.107097625732421875 23.069482803344726562 22.641721725463867188 23.861110687255859375 23.640672683715820312 21.992059707641601562 24.895902633666992188 25.561975479125976562 24.427957534790039062 22.429403305053710938 21.4298858642578125 19.578731536865234375 14.047942161560058594 12.241609573364257812 16.661310195922851562
9.0370941162109375 9.8933115005493164062 12.520848274230957031 15.523913383483886719 17.954441070556640625 19.6690673828125 20.15457916259765625 18.711084365844726562 15.910521507263183594 17.237030029296875 23.031911849975585938 20.3405609130859375 12.540320396423339844 5.5338625907897949219 2.4412047863006591797 1.6568357944488525391 7.6963868141174316406 18.292848587036132812 25.044034957885742188 26.946010589599609375 27.54489898681640625 25.790178298950195312 18.710607528686523438 11.307726860046386719 11.177781105041503906 18.035003662109375 23.2483367919921875 21.356906890869140625 18.582902908325195312 19.59478759765625 20.086378097534179688 18.103551864624023438 19.811794281005859375 22.637655258178710938 22.392131805419921875 21.674322128295898438 21.7154693603515625 19.2744140625 15.171992301940917969 14.358753204345703125 18.404695510864257812
11.328783035278320312 13.432570457458496094 15.805703163146972656 18.093652725219726562 20.153875350952148438 21.534070968627929688 21.58802032470703125 19.7401275634765625 17.379482269287109375 19.905794143676757812 22.7178802490234375 20.417690277099609375 14.406724929809570312 6.9120583534240722656 2.8132908344268798828 2.0348393917083740234 3.9220948219299316406 12.069365501403808594 19.659856796264648438 22.501338958740234375 24.41356658935546875 26.181589126586914062 25.315797805786132812 22.78707122802734375 22.133192062377929688 23.524374008178710938 23.712169647216796875 21.080028533935546875 18.084295272827148438 17.372663497924804688 16.616975784301757812 11.855350494384765625 6.8276133537292480469 15.708567619323730469 19.153512954711914062 20.626621246337890625 20.958255767822265625 20.016210556030273438 18.394269943237304688 17.4250030517578125 20.077093124389648438
17.70684051513671875 18.657205581665039062 19.239801406860351562 20.529428482055664062 21.932613372802734375 21.971233367919921875 20.384929656982421875 18.83051300048828125 19.43654632568359375 21.838899612426757812 22.132110595703125 20.296289443969726562 15.728003501892089844 8.5775356292724609375 3.7660565376281738281 2.5272157192230224609 2.5313162803649902344 7.7202229499816894531 14.687679290771484375 17.656698226928710938 19.205934524536132812 20.407476425170898438 20.053440093994140625 20.867351531982421875 24.373125076293945312 27.124011993408203125 27.33807373046875 26.994493484497070312 27.249439239501953125 27.590816497802734375 26.9844207763671875 23.409961700439453125 17.244777679443359375 15.498918533325195312 13.551466941833496094 14.133887290954589844 17.678758621215820312 18.829111099243164062 18.266489028930664062 18.407819747924804688 20.593305587768554688
