input/slope_map.asc
ncols        247
nrows        130
xllcorner    -71.202923984545
yllcorner    -33.004067025942
cellsize     0.000829669819
NODATA_value  -9999
[rows 90 to 107 of 130, columns 205 to 245 of 247]
18.738519668579101562 20.271776199340820312 21.614124298095703125 22.428930282592773438 22.79824066162109375 22.285223007202148438 23.558153152465820312 27.393497467041015625 29.576763153076171875 29.912332534790039062 30.1605224609375 30.466278076171875 31.251461029052734375 32.41181182861328125 33.4615478515625 33.90280914306640625 33.648101806640625 33.381092071533203125 33.83370208740234375 35.051898956298828125 36.30075836181640625 36.22214508056640625 30.610311508178710938 22.15084075927734375 27.313848495483398438 34.997768402099609375 34.835620880126953125 32.3598175048828125 32.359317779541015625 34.552215576171875 33.859729766845703125 32.63881683349609375 31.7855224609375 31.108470916748046875 31.196393966674804688 29.121969223022460938 25.829683303833007812 26.089483261108398438 27.978954315185546875 29.263238906860351562 29.626537322998046875
19.03759002685546875 20.832841873168945312 22.235193252563476562 22.510587692260742188 22.483770370483398438 22.901346206665039062 25.115961074829101562 29.3997955322265625 31.875490188598632812 32.327625274658203125 31.886735916137695312 30.689680099487304688 30.648212432861328125 31.85005950927734375 33.23628997802734375 34.3131561279296875 34.84461212158203125 34.996807098388671875 35.2788848876953125 35.8953094482421875 36.37827301025390625 35.43360137939453125 28.863506317138671875 22.300851821899414062 31.218914031982421875 36.83174896240234375 34.127895355224609375 31.590314865112304688 32.998416900634765625 35.784786224365234375 35.430278778076171875 34.99742889404296875 34.115142822265625 32.444286346435546875 32.301372528076171875 29.597883224487304688 28.254213333129882812 29.470808029174804688 30.663660049438476562 31.291414260864257812 31.481279373168945312
19.905460357666015625 21.818426132202148438 22.487337112426757812 22.458192825317382812 23.07035064697265625 24.579998016357421875 26.637531280517578125 29.84014892578125 32.09299468994140625 32.537845611572265625 32.129230499267578125 31.638067245483398438 32.301372528076171875 33.030483245849609375 33.02985382080078125 33.582386016845703125 35.031513214111328125 36.3266448974609375 37.377208709716796875 38.1529083251953125 37.73146820068359375 34.979549407958984375 27.5487060546875 22.794889450073242188 31.771867752075195312 36.0590667724609375 34.0111541748046875 33.19455718994140625 33.01599884033203125 33.293651580810546875 33.143787384033203125 34.02503204345703125 34.645610809326171875 34.2604217529296875 32.69012451171875 30.843847274780273438 31.620677947998046875 32.356853485107421875 33.01428985595703125 33.766765594482421875 34.035770416259765625
19.919961929321289062 21.859815597534179688 22.583160400390625 23.170993804931640625 24.515398025512695312 26.006443023681640625 27.3439178466796875 29.135345458984375 30.50136566162109375 31.16210174560546875 31.69301605224609375 33.006824493408203125 34.975189208984375 35.336330413818359375 33.802722930908203125 32.235454559326171875 32.341854095458984375 34.143070220947265625 36.60620880126953125 38.1010284423828125 37.26268768310546875 33.585544586181640625 27.183126449584960938 24.894182205200195312 31.715841293334960938 34.84735107421875 35.179012298583984375 35.88603973388671875 35.53022003173828125 34.016170501708984375 33.295345306396484375 34.450382232666015625 36.136661529541015625 35.165180206298828125 32.61281585693359375 32.777355194091796875 33.726940155029296875 34.04790496826171875 34.372074127197265625 34.797237396240234375 35.03072357177734375
18.921520233154296875 20.753019332885742188 22.60883331298828125 24.07860565185546875 25.22174072265625 26.14788055419921875 27.586511611938476562 28.897937774658203125 29.044725418090820312 30.350469589233398438 32.376621246337890625 33.956081390380859375 35.651378631591796875 36.11974334716796875 34.968013763427734375 32.405895233154296875 29.239635467529296875 28.871923446655273438 31.749147415161132812 33.86447906494140625 32.6900787353515625 28.998121261596679688 25.380327224731445312 26.447736740112304688 32.052936553955078125 35.127071380615234375 37.164764404296875 38.509891510009765625 37.715457916259765625 36.005817413330078125 34.80469512939453125 35.62783050537109375 36.5938262939453125 34.49131011962890625 32.094799041748046875 30.749797821044921875 29.16075897216796875 27.92322540283203125 26.961742401123046875 26.385442733764648438 26.48169708251953125
17.049203872680664062 18.997585296630859375 21.666772842407226562 23.612047195434570312 25.0442352294921875 26.224550247192382812 27.280733108520507812 28.336709976196289062 28.911432266235351562 30.749464035034179688 33.109790802001953125 33.964954376220703125 34.74822998046875 34.949069976806640625 34.56517791748046875 33.89438629150390625 31.570238113403320312 29.854732513427734375 30.007930755615234375 28.656393051147460938 23.978509902954101562 18.768695831298828125 17.022447586059570312 20.509782791137695312 26.036346435546875 29.547536849975585938 32.887897491455078125 34.703746795654296875 33.072055816650390625 31.33330535888671875 31.167894363403320312 33.285640716552734375 32.688232421875 29.468580245971679688 26.041042327880859375 21.55112457275390625 17.164958953857421875 14.499341964721679688 12.791452407836914062 11.70581817626953125 11.332963943481445312
15.316554069519042969 17.296817779541015625 19.648679733276367188 21.964923858642578125 24.716169357299804688 26.880950927734375 27.165555953979492188 27.572784423828125 29.160360336303710938 30.608217239379882812 32.52259063720703125 33.277095794677734375 33.891147613525390625 33.98427581787109375 33.570770263671875 34.41960906982421875 34.291217803955078125 33.832183837890625 32.481410980224609375 27.368122100830078125 19.421903610229492188 13.044606208801269531 9.1285200119018554688 9.60871124267578125 15.67807769775390625 22.276210784912109375 27.796611785888671875 30.981531143188476562 30.77797698974609375 29.912458419799804688 28.871770858764648438 29.399614334106445312 27.074842453002929688 23.5538482666015625 22.551584243774414062 20.489856719970703125 17.861261367797851562 17.08588409423828125 17.830493927001953125 18.751699447631835938 18.894319534301757812
14.633236885070800781 16.679433822631835938 18.811704635620117188 20.891275405883789062 23.5354766845703125 25.975299835205078125 26.6498870849609375 26.8719329833984375 28.48150634765625 29.409570693969726562 30.859081268310546875 32.3065185546875 33.4120025634765625 34.167819976806640625 33.902118682861328125 34.555225372314453125 34.841899871826171875 34.078857421875 31.0142059326171875 26.578535079956054688 23.744863510131835938 21.915456771850585938 18.547931671142578125 17.564489364624023438 21.816761016845703125 25.546617507934570312 27.275827407836914062 30.515432357788085938 33.391857147216796875 33.356983184814453125 31.201526641845703125 30.503602981567382812 28.864032745361328125 27.347440719604492188 27.3174896240234375 26.086395263671875 23.2996368408203125 21.212249755859375 21.936235427856445312 23.158208847045898438 23.501161575317382812
15.809796333312988281 16.704889297485351562 18.956661224365234375 20.834527969360351562 22.827840805053710938 24.44652557373046875 25.078479766845703125 25.42662811279296875 27.123844146728515625 28.3982696533203125 29.455142974853515625 31.481569290161132812 32.9814453125 34.936370849609375 35.60222625732421875 35.152584075927734375 34.85054779052734375 31.272275924682617188 24.721044540405273438 23.626708984375 26.414806365966796875 27.536569595336914062 24.487110137939453125 23.543178558349609375 27.4713897705078125 28.810285568237304688 26.751977920532226562 27.839704513549804688 32.440525054931640625 33.84482574462890625 31.9806671142578125 30.044986724853515625 27.85973358154296875 27.823146820068359375 27.859991073608398438 25.85577392578125 22.275056838989257812 19.791883468627929688 20.471103668212890625 21.9709320068359375 22.374027252197265625
18.717905044555664062 17.327602386474609375 19.283498764038085938 21.023471832275390625 22.522260665893554688 23.72159576416015625 24.151792526245117188 24.67724609375 26.865900039672851562 29.295854568481445312 30.87574005126953125 32.12197113037109375 32.85651397705078125 35.362125396728515625 36.921360015869140625 36.2806549072265625 33.826633453369140625 24.557348251342773438 18.823699951171875 22.4414520263671875 27.511232376098632812 29.453372955322265625 26.35308837890625 25.000850677490234375 28.7642974853515625 29.848375320434570312 27.1280670166015625 25.903453826904296875 27.405550003051757812 30.088781356811523438 31.755899429321289062 31.058065414428710938 28.37429046630859375 28.287109375 27.033382415771484375 23.235157012939453125 20.683629989624023438 20.692934036254882812 21.863214492797851562 22.52173614501953125 22.635044097900390625
23.46816253662109375 20.035055160522460938 20.533636093139648438 21.873811721801757812 22.771875381469726562 24.024572372436523438 24.894891738891601562 25.52231597900390625 28.046792984008789062 31.574487686157226562 33.7802276611328125 34.306362152099609375 35.2245635986328125 37.744861602783203125 37.9348602294921875 34.558177947998046875 27.17388916015625 18.718156814575195312 21.230926513671875 24.767065048217773438 27.761186599731445312 30.184749603271484375 27.718801498413085938 25.93653106689453125 29.17681884765625 30.726520538330078125 28.638410568237304688 27.236358642578125 25.706167221069335938 24.848493576049804688 26.736577987670898438 29.677135467529296875 30.335206985473632812 31.976245880126953125 31.372850418090820312 23.936628341674804688 19.265523910522460938 21.54201507568359375 23.22022247314453125 23.071933746337890625 22.974893569946289062
27.094644546508789062 23.36092376708984375 22.115243911743164062 22.379512786865234375 22.914608001708984375 24.86635589599609375 27.230121612548828125 28.652143478393554688 31.192829132080078125 34.21537017822265625 35.24875640869140625 35.656627655029296875 36.935394287109375 37.145397186279296875 32.66893768310546875 24.260425567626953125 20.524265289306640625 23.978425979614257812 28.090372085571289062 26.68824005126953125 27.243144989013671875 29.369121551513671875 27.074705123901367188 24.493093490600585938 27.458204269409179688 30.223787307739257812 28.934045791625976562 28.649953842163085938 28.782247543334960938 26.499668121337890625 24.44966888427734375 26.981122970581054688 30.552026748657226562 32.997905731201171875 32.757213592529296875 27.162908554077148438 22.195459365844726562 21.978084564208984375 21.739648818969726562 21.099245071411132812 21.016935348510742188
28.542966842651367188 25.299562454223632812 23.390176773071289062 23.478929519653320312 24.6333160400390625 27.263368606567382812 30.519313812255859375 32.597606658935546875 34.59493255615234375 36.270633697509765625 35.676792144775390625 35.6236724853515625 35.73448944091796875 30.699077606201171875 21.732473373413085938 18.865329742431640625 23.658229827880859375 28.239576339721679688 28.5784912109375 25.9093780517578125 26.834207534790039062 28.377655029296875 25.249647140502929688 20.272119522094726562 22.670185089111328125 27.910615921020507812 28.412210464477539062 28.646516799926757812 29.874200820922851562 29.142656326293945312 27.19339752197265625 27.669927597045898438 31.588842391967773438 34.414783477783203125 33.037815093994140625 28.549135208129882812 25.440881729125976562 23.401800155639648438 20.429014205932617188 18.452398300170898438 18.174388885498046875
29.959066390991210938 27.506303787231445312 25.513879776000976562 25.85460662841796875 27.608219146728515625 30.133642196655273438 32.9218902587890625 34.61901092529296875 35.48954010009765625 35.94945526123046875 34.51992034912109375 33.76821136474609375 31.904262542724609375 19.9174041748046875 9.8058080673217773438 19.688131332397460938 25.752071380615234375 27.641130447387695312 26.140380859375 24.292043685913085938 26.213827133178710938 27.846851348876953125 25.126232147216796875 18.528194427490234375 19.669036865234375 26.76782989501953125 29.86153411865234375 29.393497467041015625 27.889352798461914062 27.468051910400390625 28.710033416748046875 29.410100936889648438 30.820646286010742188 32.899692535400390625 32.262592315673828125 28.938062667846679688 26.30527496337890625 24.04714202880859375 20.981904983520507812 18.837961196899414062 18.499265670776367188
30.47509765625 30.081987380981445312 28.02569580078125 28.00640869140625 29.928567886352539062 32.173885345458984375 34.228908538818359375 35.4078521728515625 35.62762451171875 35.20516204833984375 33.216930389404296875 31.68949127197265625 27.172006607055664062 9.919952392578125 13.132374763488769531 19.311567306518554688 22.616350173950195312 24.66991424560546875 23.68367767333984375 23.9375457763671875 26.752294540405273438 28.402301788330078125 26.988565444946289062 22.2107086181640625 22.361963272094726562 27.635076522827148438 30.897333145141601562 29.907558441162109375 26.015760421752929688 23.929615020751953125 27.033514022827148438 30.216936111450195312 30.7083892822265625 30.116834640502929688 29.56191253662109375 28.417932510375976562 26.136890411376953125 23.635892868041992188 21.950958251953125 21.331628799438476562 21.2410430908203125
26.135137557983398438 29.84685516357421875 29.75897979736328125 30.04271697998046875 31.782575607299804688 33.404926300048828125 34.846607208251953125 35.961639404296875 36.338512420654296875 36.0816650390625 34.4165191650390625 30.86932373046875 21.53377532958984375 11.867160797119140625 21.574651718139648438 21.753019332885742188 22.670351028442382812 23.478038787841796875 22.182039260864257812 24.639150619506835938 28.645528793334960938 30.239198684692382812 29.548761367797851562 27.247102737426757812 27.218729019165039062 29.377798080444335938 30.334043502807617188 28.895801544189453125 25.837581634521484375 23.707876205444335938 24.983196258544921875 27.779138565063476562 29.2897491455078125 28.867410659790039062 27.710012435913085938 27.745313644409179688 26.467924118041992188 23.57369232177734375 21.926877975463867188 21.40982818603515625 21.3853607177734375
20.244070053100585938 25.536020278930664062 29.817413330078125 32.323974609375 34.177776336669921875 35.09881591796875 35.653713226318359375 36.261898040771484375 36.692050933837890625 35.724353790283203125 31.28032684326171875 22.410299301147460938 12.552652359008789062 18.23320770263671875 24.369602203369140625 24.818384170532226562 26.928659439086914062 25.69266510009765625 22.018268585205078125 24.577243804931640625 30.063974380493164062 32.127605438232421875 31.239133834838867188 29.926300048828125 30.363628387451171875 31.373416900634765625 31.294284820556640625 29.7344818115234375 27.1629486083984375 25.290132522583007812 24.938396453857421875 24.653753280639648438 24.109022140502929688 24.153398513793945312 24.511644363403320312 25.250562667846679688 24.656362533569335938 22.522897720336914062 21.025909423828125 20.168670654296875 20.129602432250976562
21.33652496337890625 22.855741500854492188 28.531579971313476562 33.298007965087890625 35.84761810302734375 36.917156219482421875 37.52710723876953125 37.898731231689453125 36.37377166748046875 29.348857879638671875 17.878496170043945312 12.64435577392578125 14.147458076477050781 21.690088272094726562 23.991367340087890625 26.90409088134765625 30.155452728271484375 28.632293701171875 24.021558761596679688 23.419322967529296875 29.275449752807617188 32.04029083251953125 30.937557220458984375 29.716932296752929688 30.70514678955078125 31.947322845458984375 32.061794281005859375 31.241155624389648438 29.5985870361328125 27.361001968383789062 24.97708892822265625 22.906724929809570312 21.054910659790039062 19.446092605590820312 20.363298416137695312 22.625795364379882812 22.353918075561523438 20.27722930908203125 18.724603652954101562 18.154603958129882812 18.1610260009765625
