input/slope_map.asc
ncols        247
nrows        130
xllcorner    -71.202923984545
yllcorner    -33.004067025942
cellsize     0.000829669819
NODATA_value  -9999
[rows 54 to 71 of 130, columns 205 to 245 of 247]
12.579472541809082031 16.034978866577148438 18.223966598510742188 17.578989028930664062 16.710454940795898438 16.61977386474609375 15.712903022766113281 13.761777877807617188 13.228611946105957031 16.991449356079101562 22.339199066162109375 23.537862777709960938 22.124475479125976562 22.51583099365234375 23.177867889404296875 23.32645416259765625 22.529020309448242188 19.1737213134765625 13.831566810607910156 9.5887279510498046875 9.2902631759643554688 10.323531150817871094 10.024651527404785156 10.323062896728515625 13.145100593566894531 17.13533782958984375 20.271579742431640625 21.721935272216796875 22.059383392333984375 23.035984039306640625 24.65790557861328125 25.0519256591796875 24.668645858764648438 24.450624465942382812 24.518550872802734375 25.246355056762695312 21.536890029907226562 20.789583206176757812 27.324529647827148438 31.258594512939453125 31.935398101806640625
16.681478500366210938 18.640033721923828125 19.732534408569335938 18.707902908325195312 18.19428253173828125 18.064298629760742188 16.578680038452148438 14.345338821411132812 13.244725227355957031 16.880373001098632812 24.48842620849609375 26.76544189453125 24.033128738403320312 22.04798126220703125 23.01786041259765625 22.727598190307617188 20.211561203002929688 17.24210357666015625 14.440077781677246094 12.161143302917480469 11.038410186767578125 10.635298728942871094 10.828457832336425781 12.341076850891113281 15.107799530029296875 17.94183349609375 19.834703445434570312 20.58412933349609375 20.860788345336914062 21.827884674072265625 23.327648162841796875 23.825841903686523438 23.412652969360351562 23.15499114990234375 22.816188812255859375 22.38742828369140625 20.068475723266601562 15.916856765747070312 19.5638275146484375 24.044836044311523438 24.947521209716796875
22.56096649169921875 22.249467849731445312 21.899126052856445312 20.769693374633789062 20.161458969116210938 20.160757064819335938 18.928989410400390625 16.698663711547851562 14.574519157409667969 16.153245925903320312 25.272428512573242188 29.567781448364257812 26.93689727783203125 21.5510101318359375 20.81439208984375 19.502817153930664062 16.638414382934570312 14.683328628540039062 13.541436195373535156 13.179533004760742188 12.422811508178710938 11.352324485778808594 11.240442276000976562 12.871277809143066406 15.911224365234375 18.713159561157226562 19.756908416748046875 19.542505264282226562 19.570178985595703125 20.453084945678710938 22.112272262573242188 23.537954330444335938 23.375179290771484375 22.4570770263671875 22.14218902587890625 21.318828582763671875 21.327823638916015625 19.431776046752929688 12.104893684387207031 10.400490760803222656 10.315450668334960938
24.367143630981445312 24.621850967407226562 24.547664642333984375 24.080234527587890625 23.507814407348632812 23.591810226440429688 23.269567489624023438 21.634212493896484375 18.672149658203125 16.235805511474609375 23.44879913330078125 30.898687362670898438 27.998495101928710938 18.57546234130859375 14.663992881774902344 15.997623443603515625 17.612180709838867188 17.531663894653320312 15.984523773193359375 14.528500556945800781 13.419287681579589844 12.850194931030273438 13.152246475219726562 14.078859329223632812 15.665582656860351562 17.799757003784179688 19.3722991943359375 19.794141769409179688 19.79056549072265625 20.342052459716796875 22.227304458618164062 24.311283111572265625 24.588994979858398438 24.317106246948242188 25.187261581420898438 24.375690460205078125 22.60820770263671875 18.58557891845703125 6.3512315750122070312 6.97161102294921875 7.0591974258422851562
21.9496002197265625 24.261835098266601562 26.096143722534179688 26.740095138549804688 26.707965850830078125 26.83281707763671875 26.607975006103515625 25.321092605590820312 22.653738021850585938 18.241851806640625 19.24587249755859375 29.1699371337890625 27.610172271728515625 17.211046218872070312 10.95955657958984375 14.4361572265625 20.12880706787109375 22.089731216430664062 19.850261688232421875 16.526704788208007812 15.202785491943359375 15.982428550720214844 17.2034759521484375 17.426769256591796875 16.58612823486328125 16.479742050170898438 18.347499847412109375 20.496515274047851562 21.259550094604492188 21.978057861328125 23.86818695068359375 25.467927932739257812 25.811391830444335938 26.658487319946289062 28.155298233032226562 26.812120437622070312 22.510433197021484375 14.11202239990234375 8.1614313125610351562 14.903759002685546875 15.633019447326660156
20.995632171630859375 22.904561996459960938 26.075742721557617188 28.748600006103515625 29.85083770751953125 29.623737335205078125 28.5513763427734375 27.31493377685546875 25.369953155517578125 20.812269210815429688 16.283420562744140625 22.789342880249023438 25.164501190185546875 19.969682693481445312 17.007823944091796875 17.104177474975585938 19.954263687133789062 23.46262359619140625 22.445390701293945312 18.578945159912109375 18.139469146728515625 20.190652847290039062 21.397333145141601562 20.834836959838867188 19.186513900756835938 17.920396804809570312 18.824459075927734375 21.24144744873046875 22.986608505249023438 24.096460342407226562 25.434602737426757812 26.508958816528320312 27.4727020263671875 29.207525253295898438 29.863840103149414062 26.081590652465820312 17.6872100830078125 12.646096229553222656 17.858455657958984375 21.788326263427734375 22.035360336303710938
21.124866485595703125 23.336904525756835938 26.7689666748046875 29.869779586791992188 31.270711898803710938 30.802446365356445312 29.760723114013671875 29.54203033447265625 28.314250946044921875 24.117330551147460938 17.937707901000976562 16.774641036987304688 20.94321441650390625 22.270257949829101562 24.50939178466796875 23.039896011352539062 18.406721115112304688 22.08296966552734375 23.691661834716796875 19.793149948120117188 20.222385406494140625 22.164850234985351562 22.78531646728515625 22.475917816162109375 21.708581924438476562 20.838449478149414062 20.992994308471679688 22.539861679077148438 24.370792388916015625 25.688165664672851562 26.6580963134765625 27.746112823486328125 29.582284927368164062 31.337188720703125 30.342222213745117188 23.091928482055664062 11.524112701416015625 18.326940536499023438 25.81673431396484375 25.120721817016601562 13.094029426574707031
22.36626434326171875 26.50157928466796875 30.047296524047851562 31.76285552978515625 31.807537078857421875 30.520320892333984375 29.961957931518554688 31.374347686767578125 31.3181915283203125 28.333728790283203125 23.03057861328125 18.716798782348632812 20.52667999267578125 24.761945724487304688 28.501972198486328125 27.873010635375976562 20.535999298095703125 21.044496536254882812 24.26584625244140625 21.057165145874023438 22.822492599487304688 24.520475387573242188 25.197839736938476562 25.501628875732421875 24.94683837890625 23.829290390014648438 23.777929306030273438 25.190061569213867188 26.685918807983398438 27.326047897338867188 27.628850936889648438 28.782754898071289062 31.105619430541992188 32.45680999755859375 29.9087677001953125 20.251361846923828125 12.217145919799804688 24.824186325073242188 30.3691253662109375 22.095369338989257812 6.7291078567504882812
22.095590591430664062 27.435085296630859375 31.487802505493164062 32.9919586181640625 32.31988525390625 30.126260757446289062 29.895650863647460938 32.942047119140625 34.04355621337890625 31.97762298583984375 27.695453643798828125 22.882905960083007812 22.70110321044921875 27.263017654418945312 30.650501251220703125 31.016366958618164062 24.4315185546875 22.059568405151367188 25.533880233764648438 23.530828475952148438 26.21852874755859375 28.069318771362304688 28.94686126708984375 28.731389999389648438 27.440134048461914062 25.92598724365234375 26.114353179931640625 27.942102432250976562 29.159536361694335938 28.705974578857421875 28.049228668212890625 29.133453369140625 31.583833694458007812 32.557781219482421875 28.337924957275390625 17.1963348388671875 17.7296142578125 29.097623825073242188 31.371257781982421875 18.767644882202148438 3.3175594806671142578
20.571054458618164062 26.035985946655273438 30.892183303833007812 33.299072265625 33.264461517333984375 30.235927581787109375 28.84909820556640625 32.770626068115234375 35.656383514404296875 34.282848358154296875 30.769575119018554688 26.180162429809570312 24.692041397094726562 28.70983123779296875 32.334575653076171875 33.692684173583984375 27.861825942993164062 24.3003997802734375 27.267187118530273438 26.238508224487304688 29.162555694580078125 30.879175186157226562 31.1562957763671875 29.976253509521484375 28.335872650146484375 26.7967071533203125 27.372180938720703125 29.643663406372070312 30.867589950561523438 30.175716400146484375 29.276792526245117188 29.931112289428710938 31.751874923706054688 32.066623687744140625 26.3003387451171875 15.159877777099609375 23.222446441650390625 31.549341201782226562 31.016618728637695312 18.063152313232421875 5.106662750244140625
21.860719680786132812 26.41909027099609375 31.005880355834960938 34.445613861083984375 36.39881134033203125 33.4989471435546875 28.22156524658203125 29.74106597900390625 35.21270751953125 35.195720672607421875 32.592151641845703125 28.903902053833007812 26.853883743286132812 30.091976165771484375 34.1844635009765625 35.461444854736328125 29.542362213134765625 25.511529922485351562 27.85608673095703125 27.027563095092773438 30.15273284912109375 31.876688003540039062 31.702911376953125 30.2569427490234375 29.032506942749023438 27.74492645263671875 28.565706253051757812 30.954011917114257812 32.2796173095703125 32.16217041015625 31.886690139770507812 32.0716400146484375 32.34015655517578125 31.072420120239257812 24.256692886352539062 15.373560905456542969 26.62192535400390625 32.6446990966796875 30.788164138793945312 19.058599472045898438 9.8082933425903320312
27.215175628662109375 29.61932373046875 32.090152740478515625 35.254608154296875 38.333751678466796875 36.307559967041015625 27.5215606689453125 25.370683670043945312 33.06774139404296875 36.028350830078125 34.633640289306640625 31.991857528686523438 30.247198104858398438 32.279232025146484375 35.8717193603515625 36.55367279052734375 31.261926651000976562 27.0723114013671875 28.704446792602539062 27.377855300903320312 30.94757080078125 32.921173095703125 32.173305511474609375 30.581287384033203125 30.04388427734375 29.527446746826171875 30.623706817626953125 32.5948638916015625 33.745342254638671875 33.986118316650390625 34.056659698486328125 34.164546966552734375 33.697368621826171875 31.145938873291015625 24.425031661987304688 19.346347808837890625 29.209438323974609375 33.18895721435546875 30.887868881225585938 21.577302932739257812 15.707268714904785156
32.102260589599609375 33.941204071044921875 35.052890777587890625 36.585659027099609375 38.38770294189453125 36.793582916259765625 29.122135162353515625 24.481801986694335938 29.733194351196289062 35.755077362060546875 36.352741241455078125 34.6636962890625 33.1365203857421875 33.3452911376953125 35.600002288818359375 36.693401336669921875 32.6656646728515625 28.817901611328125 30.829442977905273438 29.510478973388671875 33.17624664306640625 34.789215087890625 33.315273284912109375 31.639263153076171875 31.343973159790039062 31.443389892578125 32.76824951171875 34.0920562744140625 34.805511474609375 34.969760894775390625 35.075878143310546875 35.48813629150390625 35.12984466552734375 32.10076904296875 26.5284576416015625 24.876108169555664062 31.613742828369140625 33.77585601806640625 31.151071548461914062 22.9943695068359375 18.465341567993164062
34.926776885986328125 36.319133758544921875 37.15013885498046875 37.871562957763671875 38.113800048828125 35.923065185546875 30.263303756713867188 24.469898223876953125 25.582609176635742188 32.084156036376953125 35.02101898193359375 34.7755279541015625 34.396183013916015625 34.27539825439453125 34.871368408203125 36.1216888427734375 32.909679412841796875 29.120485305786132812 32.592899322509765625 31.8679046630859375 35.088886260986328125 35.933963775634765625 33.5967254638671875 31.9538726806640625 32.22359466552734375 33.306270599365234375 35.096775054931640625 35.97100830078125 35.93011474609375 35.484302520751953125 34.829257965087890625 33.691493988037109375 30.814081192016601562 25.588109970092773438 21.765117645263671875 25.0487823486328125 31.471746444702148438 33.309963226318359375 30.381162643432617188 20.329212188720703125 13.208944320678710938
35.714931488037109375 36.609981536865234375 36.787921905517578125 36.23961639404296875 34.94574737548828125 31.957063674926757812 27.290431976318359375 22.1097869873046875 21.016256332397460938 26.090606689453125 31.553655624389648438 34.01653289794921875 35.7069091796875 36.26082611083984375 35.8282012939453125 35.789333343505859375 33.556224822998046875 29.659376144409179688 33.402679443359375 33.232585906982421875 36.20359039306640625 37.22176361083984375 34.51474761962890625 32.86612701416015625 33.137523651123046875 34.736400604248046875 36.682193756103515625 37.03823089599609375 35.714710235595703125 32.872882843017578125 27.804224014282226562 19.9304656982421875 11.826270103454589844 9.8050127029418945312 14.675382614135742188 20.837652206420898438 28.014314651489257812 31.58716583251953125 29.658658981323242188 18.205297470092773438 8.0613002777099609375
29.845775604248046875 31.034997940063476562 30.474365234375 28.80511474609375 26.821720123291015625 24.2089996337890625 21.2736663818359375 18.468597412109375 16.657423019409179688 19.212106704711914062 25.827617645263671875 31.345851898193359375 34.51311492919921875 35.306140899658203125 34.917804718017578125 34.6730804443359375 33.77521514892578125 31.083156585693359375 33.512271881103515625 34.6431732177734375 36.578250885009765625 37.395122528076171875 34.739246368408203125 33.99376678466796875 34.216197967529296875 35.363368988037109375 35.7745208740234375 33.265361785888671875 27.932453155517578125 19.612155914306640625 8.0300235748291015625 7.6656041145324707031 17.633722305297851562 23.304426193237304688 25.32018280029296875 25.503072738647460938 27.365030288696289062 30.62526702880859375 29.758716583251953125 19.079126358032226562 9.230953216552734375
25.484720230102539062 26.406835556030273438 24.931447982788085938 23.08271026611328125 22.10031890869140625 21.155580520629882812 19.919668197631835938 18.522533416748046875 16.023782730102539062 14.190221786499023438 16.071489334106445312 19.96764373779296875 22.210054397583007812 22.495159149169921875 23.455423355102539062 25.844545364379882812 27.584497451782226562 26.77225494384765625 28.2056427001953125 32.617321014404296875 34.76969146728515625 34.8618927001953125 31.863559722900390625 31.861637115478515625 33.045505523681640625 32.868221282958984375 28.64617156982421875 21.281900405883789062 12.929761886596679688 9.98194122314453125 15.821114540100097656 24.478502273559570312 30.050363540649414062 32.23236846923828125 32.206447601318359375 30.5288543701171875 27.895263671875 27.301290512084960938 26.752349853515625 17.575567245483398438 8.2650079727172851562
30.174753189086914062 30.072734832763671875 29.672830581665039062 29.604677200317382812 29.483476638793945312 28.439357757568359375 26.591917037963867188 24.275852203369140625 21.984342575073242188 20.274415969848632812 19.500074386596679688 19.161319732666015625 18.008897781372070312 16.443517684936523438 16.928264617919921875 20.097364425659179688 23.09937286376953125 23.33597564697265625 21.7533416748046875 23.133119583129882812 25.832483291625976562 27.500934600830078125 25.993333816528320312 25.725872039794921875 27.3304901123046875 24.36215972900390625 18.687932968139648438 17.504697799682617188 20.219274520874023438 24.645002365112304688 29.365201950073242188 32.601688385009765625 33.627048492431640625 33.1587677001953125 32.298374176025390625 31.280118942260742188 29.180316925048828125 26.600412368774414062 23.918664932250976562 16.577772140502929688 9.7672433853149414062
