input_sf/dem_tdp.txt
ncols         375
nrows         254
xllcorner     -73.15875
yllcorner     -51.070992819073
cellsize      0.00083232081
NODATA_value  -9999
[rows 78 to 116 of 254, columns 174 to 260 of 375]
1561 1528 1510 1489 1461 1416 1403 1372 1331 1285 1263 1252 1235 1220 1191 1159 1135 1115 1076 1039 1025 996 966 922 891 884 881 870 857 857 856 857 874 882 892 911 911 902 891 889 899 898 893 897 894 897 880 874 856 845 821 799 778 763 752 742 729 700 675 666 648 642 635 634 634 641 650 671 698 730 745 749 777 789 803 829 866 882 895 926 941 980 1006 1040 1056 1087 1119
1570 1531 1501 1464 1413 1390 1360 1322 1286 1245 1211 1195 1177 1155 1142 1113 1088 1056 1035 1008 974 934 916 904 884 877 869 870 861 859 865 899 925 936 930 925 928 927 923 939 930 928 950 953 945 959 948 953 924 896 875 850 832 822 797 770 764 743 723 704 682 661 646 638 633 630 632 649 668 698 716 727 750 779 796 816 841 866 886 907 917 935 973 994 1020 1057 1095
1547 1498 1454 1430 1398 1350 1315 1294 1267 1224 1196 1167 1157 1120 1098 1062 1048 1020 1003 951 920 900 894 894 884 888 895 885 884 887 910 957 959 953 943 946 961 970 972 980 1003 1003 1007 1012 1010 1008 997 993 970 941 922 914 891 873 834 816 788 763 746 726 706 683 673 653 639 629 629 645 670 680 685 711 747 763 782 808 825 852 874 890 905 917 952 967 994 1018 1055
1560 1510 1450 1424 1380 1348 1314 1293 1260 1239 1209 1176 1144 1118 1083 1067 1026 1003 943 917 892 892 894 899 902 903 903 910 917 937 978 968 970 977 982 989 996 1015 1027 1037 1041 1058 1063 1066 1078 1067 1064 1039 1016 1005 976 965 957 911 877 865 848 828 801 760 739 721 704 690 647 628 627 636 650 662 681 724 735 738 760 779 811 829 865 875 892 910 937 957 969 981 1016
1606 1563 1515 1465 1432 1384 1336 1307 1270 1242 1225 1178 1147 1109 1080 1040 985 962 922 906 900 904 909 910 906 916 921 957 977 994 983 983 1001 1011 1019 1038 1054 1068 1076 1087 1113 1116 1121 1125 1129 1125 1100 1083 1069 1063 1059 1046 1017 979 952 938 894 863 831 803 765 754 739 712 679 659 630 624 624 643 670 691 707 711 730 754 765 799 843 869 877 899 913 924 938 953 974
1667 1604 1566 1537 1486 1442 1375 1333 1295 1250 1199 1165 1134 1080 1044 1005 954 923 916 919 919 916 920 922 925 938 963 984 1005 998 1004 1027 1047 1063 1087 1090 1108 1137 1139 1145 1159 1176 1182 1185 1184 1179 1168 1156 1143 1133 1113 1093 1064 1034 1016 996 956 914 896 862 836 795 757 732 715 690 678 635 624 626 626 657 668 684 704 729 726 742 762 821 847 876 883 900 912 923 949
1732 1669 1588 1567 1533 1491 1422 1355 1292 1232 1177 1107 1090 1049 1011 971 935 914 914 917 933 936 937 940 944 975 1011 1007 1006 1015 1048 1073 1101 1142 1150 1167 1173 1183 1195 1206 1213 1228 1252 1243 1242 1242 1207 1201 1190 1180 1164 1134 1122 1099 1062 1042 1020 983 948 911 878 846 807 782 756 726 695 665 633 619 619 619 645 654 659 687 689 698 725 730 789 826 843 851 858 875 891
1761 1703 1665 1605 1526 1438 1361 1309 1242 1178 1140 1095 1041 996 977 945 931 917 914 921 936 937 945 963 988 1015 1026 1031 1048 1076 1098 1139 1167 1196 1206 1219 1242 1238 1247 1260 1257 1264 1299 1303 1277 1272 1249 1244 1245 1232 1226 1205 1183 1156 1134 1073 1057 1026 995 973 952 907 877 835 795 767 728 698 657 637 625 617 614 614 619 632 667 674 674 710 722 761 777 795 806 820 846
1811 1733 1675 1586 1479 1378 1297 1232 1154 1101 1072 1018 1000 976 966 958 953 950 950 954 954 949 962 997 1041 1038 1040 1060 1112 1128 1173 1186 1245 1246 1264 1281 1291 1304 1309 1317 1304 1315 1341 1362 1351 1337 1327 1316 1311 1291 1270 1248 1214 1200 1178 1158 1128 1092 1059 1024 984 954 932 888 856 814 780 736 709 690 653 622 614 614 614 617 623 648 654 665 687 707 736 753 760 775 805
1763 1720 1641 1565 1420 1316 1250 1134 1099 1062 1021 993 982 973 965 962 957 952 952 955 960 966 997 1032 1037 1042 1080 1107 1153 1199 1232 1276 1295 1316 1353 1367 1389 1386 1411 1415 1384 1385 1388 1426 1414 1404 1388 1380 1375 1362 1345 1320 1293 1268 1251 1223 1207 1149 1087 1052 1005 957 940 914 888 859 828 796 776 735 698 671 656 633 619 616 610 619 633 632 647 667 688 703 737 753 774
1713 1705 1608 1450 1313 1230 1157 1097 1041 1019 1006 992 977 975 966 967 967 972 968 969 990 1006 1041 1056 1060 1093 1121 1166 1217 1256 1277 1302 1349 1391 1448 1447 1473 1479 1489 1495 1497 1536 1506 1489 1480 1469 1448 1438 1433 1414 1388 1365 1345 1318 1304 1267 1242 1178 1092 1051 1011 989 955 939 928 902 885 859 821 781 744 722 704 674 648 631 615 605 605 611 620 631 648 670 689 715 731
1672 1581 1427 1274 1157 1095 1051 1035 1014 1002 1004 991 980 976 977 980 980 978 980 989 1026 1057 1060 1071 1092 1134 1177 1221 1256 1302 1338 1382 1430 1498 1523 1561 1577 1580 1574 1566 1588 1617 1576 1594 1586 1545 1554 1549 1524 1521 1508 1468 1437 1409 1376 1305 1237 1176 1107 1083 1029 1018 1016 1007 995 968 935 894 852 815 790 769 737 720 695 658 628 622 607 598 603 619 627 636 646 668 694
1506 1364 1251 1136 1101 1056 1025 1019 1013 1019 1007 997 1000 992 983 984 984 990 1005 1035 1087 1078 1087 1120 1172 1210 1240 1269 1305 1348 1374 1446 1539 1590 1644 1649 1656 1661 1682 1675 1667 1674 1664 1670 1665 1650 1638 1626 1621 1585 1575 1540 1498 1462 1417 1360 1287 1202 1173 1125 1107 1141 1109 1076 1053 1030 978 942 904 869 834 814 783 740 724 699 681 655 622 603 597 598 595 599 606 628 640
1265 1190 1096 1071 1053 1039 1038 1040 1024 1019 1011 1004 997 1000 993 999 997 1034 1063 1086 1100 1116 1143 1166 1198 1237 1284 1342 1407 1435 1482 1537 1597 1675 1791 1780 1816 1778 1796 1787 1772 1775 1769 1792 1751 1734 1742 1731 1700 1657 1626 1581 1568 1551 1481 1408 1348 1283 1241 1238 1249 1228 1191 1157 1102 1072 1040 1005 966 918 880 853 822 798 780 754 724 693 645 620 618 599 591 594 591 597 606
1105 1090 1057 1046 1054 1049 1036 1025 1017 1018 1014 1014 1016 1015 1017 1017 1029 1085 1107 1095 1122 1136 1167 1216 1260 1306 1357 1399 1450 1507 1576 1649 1656 1744 1914 1907 1887 1961 1935 1896 1894 1880 1898 1900 1893 1867 1874 1826 1753 1689 1662 1653 1615 1569 1520 1469 1423 1370 1370 1345 1316 1298 1259 1223 1195 1141 1076 1045 1011 965 943 919 876 847 813 789 764 726 684 644 638 631 614 606 600 595 591
1079 1065 1056 1054 1052 1042 1030 1025 1022 1017 1015 1029 1024 1026 1040 1076 1091 1117 1118 1122 1151 1192 1238 1287 1325 1367 1397 1430 1469 1496 1605 1620 1745 1932 2013 1956 2017 2003 1977 1959 1930 1974 1963 1958 1958 1865 1938 1919 1888 1808 1751 1720 1663 1621 1565 1511 1490 1462 1466 1432 1395 1349 1302 1290 1263 1215 1160 1129 1067 1024 985 959 921 881 857 830 795 766 739 683 652 645 635 621 608 608 608
1073 1050 1046 1047 1042 1032 1032 1034 1032 1038 1032 1027 1031 1050 1076 1112 1131 1142 1154 1173 1219 1262 1308 1351 1379 1405 1441 1459 1490 1560 1724 1723 1820 2003 2079 2054 2029 2012 1968 2003 1996 2039 1890 1673 1680 1714 1790 1942 1895 1852 1811 1782 1742 1665 1650 1631 1586 1545 1524 1508 1488 1454 1396 1341 1296 1260 1197 1191 1141 1087 1053 1011 965 933 902 880 849 798 772 733 696 672 644 625 614 615 613
1067 1053 1062 1065 1053 1053 1047 1043 1055 1054 1043 1043 1057 1074 1116 1124 1139 1158 1191 1226 1275 1333 1359 1389 1399 1440 1477 1515 1560 1616 1724 1841 1987 1951 2107 2066 2065 1974 1961 2043 1976 1865 1718 1600 1550 1469 1541 1734 1784 1753 1776 1812 1736 1658 1600 1615 1557 1527 1482 1496 1497 1500 1476 1439 1381 1337 1283 1228 1189 1149 1097 1053 1013 997 944 909 869 827 783 749 720 684 665 646 637 635 624
1076 1067 1070 1071 1060 1049 1046 1048 1052 1053 1057 1066 1084 1105 1118 1138 1163 1192 1243 1286 1309 1369 1395 1411 1450 1476 1519 1576 1598 1644 1761 1852 1902 1836 1780 1728 1674 1515 1657 1787 1708 1630 1509 1472 1453 1416 1456 1553 1601 1596 1597 1574 1534 1463 1434 1440 1356 1296 1321 1390 1440 1496 1508 1483 1448 1403 1350 1243 1203 1177 1132 1082 1036 959 907 878 835 810 777 748 730 703 689 674 652 639 623
1074 1069 1068 1066 1061 1061 1069 1069 1069 1072 1079 1098 1124 1139 1159 1192 1221 1265 1312 1361 1388 1410 1433 1443 1474 1514 1563 1597 1622 1664 1710 1801 1817 1686 1620 1508 1442 1423 1433 1427 1336 1398 1444 1448 1419 1405 1421 1453 1463 1458 1427 1355 1312 1253 1240 1162 1156 1162 1176 1202 1252 1310 1396 1464 1453 1420 1373 1270 1202 1130 1053 1018 949 905 878 874 862 829 793 767 760 731 702 682 670 654 630
1092 1086 1075 1076 1075 1076 1077 1078 1074 1082 1103 1137 1161 1178 1196 1233 1276 1315 1363 1392 1423 1452 1466 1489 1487 1539 1580 1602 1615 1668 1687 1734 1706 1626 1534 1367 1314 1309 1297 1297 1297 1297 1369 1416 1416 1380 1377 1364 1368 1354 1321 1237 1198 1152 1124 1130 1118 1112 1113 1141 1162 1186 1269 1332 1356 1349 1292 1253 1196 1078 986 940 933 921 897 874 855 843 826 821 788 764 728 698 683 678 662
1090 1083 1082 1085 1086 1088 1087 1084 1093 1112 1135 1180 1189 1198 1242 1265 1309 1338 1375 1407 1446 1496 1510 1532 1553 1608 1630 1648 1695 1718 1726 1718 1687 1584 1401 1297 1297 1298 1297 1297 1297 1297 1297 1362 1368 1344 1305 1261 1278 1265 1234 1198 1161 1097 1060 1037 1012 1020 1038 1059 1066 1101 1121 1155 1223 1257 1244 1180 1084 1001 949 942 925 881 864 851 851 852 853 845 832 789 764 733 728 728 714
1097 1092 1091 1094 1098 1114 1101 1107 1108 1116 1161 1190 1217 1243 1281 1309 1336 1372 1400 1433 1471 1502 1530 1557 1603 1629 1663 1709 1787 1845 1783 1764 1729 1629 1394 1343 1359 1353 1330 1341 1329 1345 1297 1297 1293 1327 1300 1264 1240 1229 1192 1169 1108 1032 1022 932 930 937 946 965 995 1015 1040 1081 1079 1092 1100 1033 978 919 889 864 851 851 851 851 853 871 877 865 838 802 788 795 795 786 767
1112 1117 1114 1107 1113 1119 1116 1119 1127 1147 1178 1203 1222 1272 1305 1334 1359 1399 1427 1454 1482 1515 1560 1579 1622 1656 1681 1744 1804 1854 1826 1782 1731 1641 1488 1425 1449 1438 1387 1381 1354 1342 1306 1317 1290 1281 1247 1230 1215 1185 1155 1136 1077 986 910 893 872 872 875 899 922 931 962 978 931 903 862 860 862 860 851 856 852 853 851 854 890 912 903 866 851 844 831 841 835 835 809
1124 1124 1127 1119 1133 1129 1124 1120 1129 1167 1206 1227 1249 1283 1327 1351 1405 1437 1460 1490 1514 1540 1575 1592 1628 1665 1712 1757 1813 1855 1809 1798 1746 1633 1542 1486 1482 1489 1445 1400 1375 1372 1338 1301 1275 1234 1228 1215 1192 1177 1148 1118 1017 939 896 873 874 881 872 874 899 906 894 872 860 860 860 860 860 867 857 853 856 851 855 890 924 926 886 881 880 888 890 891 882 872 849
1150 1141 1135 1133 1135 1138 1131 1133 1157 1188 1229 1235 1257 1299 1325 1372 1408 1449 1504 1533 1567 1582 1605 1636 1663 1696 1730 1761 1791 1842 1840 1840 1810 1673 1605 1512 1481 1455 1433 1466 1379 1346 1322 1271 1242 1226 1212 1198 1173 1142 1085 1051 1045 961 921 877 875 882 872 908 932 924 892 860 860 860 860 881 899 875 856 851 851 858 903 934 940 913 904 906 920 927 926 925 909 895 877
1169 1139 1138 1135 1137 1143 1136 1145 1175 1224 1238 1252 1275 1302 1331 1377 1403 1437 1480 1536 1564 1605 1636 1682 1702 1733 1768 1794 1824 1853 1867 1816 1762 1672 1577 1498 1435 1443 1462 1423 1368 1328 1291 1261 1236 1226 1189 1158 1147 1093 1067 1051 1016 978 935 884 868 866 866 896 917 922 860 860 860 863 867 868 867 867 865 864 889 917 955 943 926 923 938 950 968 967 970 959 938 912 894
1163 1147 1144 1145 1151 1153 1148 1166 1197 1230 1241 1251 1274 1300 1334 1370 1417 1450 1472 1502 1569 1605 1651 1703 1738 1773 1805 1834 1859 1878 1879 1811 1769 1656 1579 1507 1479 1510 1462 1428 1356 1322 1309 1265 1246 1216 1186 1169 1135 1121 1092 1026 1044 989 911 867 865 869 860 860 868 863 860 860 860 860 860 860 869 884 905 929 953 963 946 941 951 960 975 988 1000 997 983 965 955 932 908
1166 1152 1152 1156 1158 1164 1171 1181 1210 1242 1248 1263 1297 1323 1356 1387 1426 1459 1494 1538 1591 1629 1669 1698 1764 1801 1845 1874 1886 1897 1899 1841 1814 1738 1562 1492 1488 1427 1397 1392 1345 1329 1304 1284 1275 1240 1223 1198 1171 1142 1112 1089 1041 946 880 868 864 875 860 860 860 872 866 884 900 906 920 942 945 948 970 972 952 948 957 971 990 1004 1029 1036 1038 1026 994 989 974 951 932
1174 1164 1167 1165 1168 1173 1184 1196 1234 1243 1257 1281 1315 1345 1388 1428 1464 1496 1527 1568 1631 1668 1691 1729 1765 1825 1858 1896 1921 1921 1901 1865 1843 1755 1613 1532 1460 1421 1407 1400 1351 1333 1321 1305 1289 1252 1232 1210 1190 1173 1140 1122 1121 1021 952 887 884 891 896 907 924 937 950 956 970 972 983 984 983 979 964 961 976 990 998 1019 1032 1044 1054 1063 1058 1044 1035 1024 999 974 955
1178 1178 1174 1172 1186 1196 1196 1221 1246 1263 1313 1340 1347 1385 1415 1478 1513 1539 1563 1597 1663 1705 1739 1771 1814 1845 1871 1907 1920 1939 1889 1842 1783 1750 1635 1532 1464 1418 1413 1400 1372 1359 1334 1315 1308 1284 1265 1219 1192 1182 1169 1148 1131 1071 1018 976 969 966 971 972 998 1020 1029 1033 1027 1012 995 984 982 989 994 997 1012 1033 1042 1054 1071 1082 1087 1083 1077 1067 1052 1035 1015 988 955
1190 1179 1174 1175 1186 1207 1217 1251 1276 1297 1378 1369 1379 1407 1435 1491 1537 1578 1607 1650 1709 1733 1802 1836 1862 1884 1898 1928 1929 1961 1891 1830 1776 1697 1604 1523 1472 1443 1422 1400 1403 1374 1356 1353 1329 1299 1270 1244 1212 1200 1184 1176 1136 1105 1070 1018 1005 1020 1040 1049 1057 1045 1031 1024 1025 1014 1013 1010 1014 1016 1031 1049 1069 1079 1088 1098 1111 1114 1115 1111 1104 1091 1063 1039 1005 963 943
1214 1192 1193 1180 1187 1215 1243 1269 1322 1357 1415 1403 1400 1414 1433 1479 1548 1644 1668 1741 1790 1837 1868 1876 1895 1920 1949 1948 1923 1903 1826 1799 1762 1665 1591 1537 1485 1456 1447 1426 1427 1409 1386 1375 1332 1324 1297 1260 1241 1228 1209 1193 1169 1145 1106 1090 1062 1044 1071 1086 1073 1063 1064 1072 1067 1057 1040 1039 1043 1051 1066 1080 1099 1116 1129 1150 1147 1145 1140 1136 1125 1114 1082 1041 1009 967 935
1246 1219 1216 1212 1224 1253 1274 1318 1341 1371 1398 1409 1412 1436 1450 1486 1523 1649 1699 1796 1837 1878 1896 1915 1921 1939 1978 1943 1899 1832 1749 1774 1735 1677 1607 1536 1490 1472 1469 1458 1435 1434 1396 1377 1360 1331 1310 1295 1264 1236 1225 1209 1181 1173 1156 1130 1105 1104 1107 1096 1089 1089 1098 1104 1108 1110 1098 1097 1106 1103 1121 1137 1144 1156 1176 1177 1187 1183 1164 1158 1138 1103 1064 1025 995 973 939
1292 1274 1267 1276 1304 1313 1326 1343 1380 1403 1418 1432 1442 1452 1478 1502 1531 1617 1704 1809 1856 1901 1912 1924 1931 1960 1991 1975 1898 1814 1747 1706 1717 1675 1601 1543 1515 1498 1488 1470 1470 1449 1446 1438 1414 1391 1351 1288 1284 1263 1242 1219 1211 1195 1186 1180 1169 1169 1156 1143 1155 1142 1132 1137 1145 1148 1150 1156 1154 1148 1161 1177 1195 1211 1229 1227 1216 1191 1156 1138 1123 1103 1054 1032 1015 1017 996
1365 1350 1341 1343 1351 1363 1373 1388 1419 1434 1452 1483 1480 1494 1507 1524 1553 1621 1694 1738 1876 1956 1990 1994 1972 2011 2018 1972 1851 1800 1713 1685 1673 1627 1582 1552 1538 1522 1506 1496 1484 1477 1475 1466 1432 1397 1366 1311 1289 1274 1257 1254 1246 1231 1228 1226 1217 1206 1201 1205 1205 1190 1180 1184 1186 1185 1204 1219 1200 1199 1206 1234 1246 1259 1262 1251 1222 1199 1184 1168 1153 1161 1156 1119 1117 1075 1039
1439 1399 1423 1411 1398 1410 1408 1421 1440 1454 1487 1504 1518 1532 1544 1547 1561 1648 1728 1826 1894 1957 1992 2010 2004 2032 2013 1932 1838 1765 1714 1679 1639 1617 1588 1568 1546 1541 1526 1528 1540 1515 1488 1436 1406 1380 1361 1342 1300 1276 1280 1284 1265 1262 1261 1258 1261 1260 1253 1262 1262 1239 1222 1230 1234 1244 1254 1273 1264 1260 1263 1275 1295 1319 1308 1282 1271 1279 1267 1261 1248 1237 1213 1175 1147 1120 1123
1579 1485 1468 1445 1432 1435 1427 1438 1457 1477 1501 1556 1631 1643 1686 1630 1653 1705 1772 1857 1917 1955 1964 1958 1975 1953 1936 1868 1791 1757 1716 1680 1669 1631 1622 1602 1580 1565 1551 1544 1526 1494 1452 1423 1410 1397 1366 1366 1321 1301 1294 1295 1297 1304 1299 1299 1294 1302 1314 1324 1320 1306 1297 1280 1299 1298 1305 1319 1318 1315 1319 1321 1348 1358 1337 1334 1335 1347 1364 1363 1340 1308 1279 1246 1215 1161 1138
1684 1589 1537 1499 1470 1465 1474 1480 1492 1500 1556 1725 1781 1770 1789 1773 1803 1814 1861 1906 1942 1964 1960 1907 1914 1914 1894 1830 1797 1765 1749 1705 1677 1646 1612 1585 1557 1544 1526 1506 1483 1451 1434 1432 1411 1391 1366 1334 1314 1297 1294 1314 1323 1329 1336 1335 1351 1363 1362 1371 1363 1339 1340 1341 1349 1358 1348 1350 1365 1387 1398 1415 1417 1398 1368 1385 1401 1419 1435 1421 1399 1362 1326 1269 1247 1216 1182
