input_sf/dem_tdp.txt
ncols         375
nrows         254
xllcorner     -73.15875
yllcorner     -51.070992819073
cellsize      0.00083232081
NODATA_value  -9999
[rows 117 to 155 of 254, columns 0 to 86 of 375]
1484 1448 1438 1387 1340 1330 1335 1336 1323 1330 1338 1320 1282 1277 1283 1296 1321 1319 1260 1254 1254 1254 1255 1254 1272 1254 1263 1250 1244 1236 1242 1243 1245 1256 1283 1303 1319 1351 1353 1382 1359 1277 1277 1277 1277 1277 1277 1277 1327 1355 1401 1429 1393 1344 1329 1300 1268 1239 1215 1205 1199 1185 1180 1176 1173 1170 1173 1186 1199 1213 1228 1231 1234 1242 1251 1276 1302 1318 1327 1301 1334 1344 1365 1386 1395 1414 1431
1473 1450 1433 1382 1338 1325 1337 1340 1345 1340 1333 1294 1277 1287 1300 1312 1329 1303 1283 1269 1266 1254 1266 1264 1249 1240 1240 1240 1236 1237 1236 1238 1251 1276 1305 1323 1341 1358 1382 1397 1277 1277 1277 1277 1277 1277 1277 1343 1365 1374 1411 1365 1293 1297 1282 1258 1228 1205 1183 1174 1165 1167 1170 1162 1155 1158 1162 1170 1179 1188 1197 1204 1211 1214 1218 1228 1239 1258 1272 1243 1295 1296 1310 1342 1374 1381 1395
1501 1452 1414 1379 1343 1306 1299 1318 1339 1326 1299 1277 1277 1284 1284 1315 1353 1307 1274 1270 1280 1288 1310 1304 1288 1255 1252 1271 1278 1257 1236 1247 1275 1285 1315 1300 1328 1346 1303 1277 1277 1277 1277 1277 1277 1277 1419 1522 1467 1410 1378 1368 1316 1275 1248 1218 1191 1179 1168 1161 1154 1160 1166 1159 1154 1155 1158 1158 1158 1161 1165 1167 1170 1172 1175 1180 1185 1200 1215 1211 1256 1259 1272 1295 1318 1341 1377
1507 1468 1407 1365 1321 1305 1299 1302 1314 1324 1297 1281 1287 1292 1297 1317 1342 1326 1286 1270 1312 1336 1336 1296 1279 1277 1266 1259 1265 1268 1257 1267 1290 1317 1346 1283 1277 1277 1277 1277 1277 1277 1277 1277 1277 1406 1619 1650 1497 1375 1341 1354 1273 1242 1217 1194 1171 1163 1156 1152 1149 1153 1157 1156 1156 1153 1150 1145 1141 1138 1135 1131 1128 1131 1134 1139 1144 1153 1163 1182 1201 1220 1240 1260 1281 1332 1367
1486 1459 1408 1356 1323 1296 1335 1343 1292 1292 1277 1277 1283 1313 1306 1290 1300 1277 1270 1270 1284 1319 1307 1296 1304 1301 1283 1273 1259 1287 1287 1277 1277 1277 1277 1277 1277 1277 1277 1277 1277 1277 1277 1277 1281 1348 1496 1509 1412 1382 1319 1294 1252 1217 1191 1178 1165 1156 1148 1144 1140 1147 1155 1154 1153 1146 1140 1134 1129 1122 1116 1111 1107 1106 1106 1112 1118 1121 1125 1140 1156 1184 1212 1233 1255 1333 1411
1478 1424 1402 1358 1316 1292 1292 1292 1292 1292 1418 1436 1302 1303 1290 1293 1271 1270 1270 1271 1280 1278 1270 1270 1280 1278 1273 1273 1321 1317 1332 1277 1277 1277 1277 1277 1277 1277 1277 1277 1277 1277 1277 1277 1326 1338 1471 1566 1448 1399 1326 1270 1224 1202 1181 1168 1156 1148 1140 1134 1129 1131 1134 1136 1138 1140 1142 1132 1122 1112 1103 1101 1099 1095 1091 1093 1095 1099 1103 1114 1125 1155 1185 1217 1250 1306 1363
1456 1421 1396 1360 1331 1405 1292 1292 1292 1292 1321 1366 1324 1318 1277 1275 1270 1270 1270 1270 1270 1270 1270 1270 1270 1282 1290 1301 1329 1337 1382 1277 1277 1277 1277 1277 1277 1277 1277 1277 1277 1277 1366 1416 1442 1449 1459 1512 1578 1401 1288 1246 1217 1198 1170 1161 1152 1141 1130 1127 1125 1121 1118 1120 1123 1131 1140 1130 1120 1110 1100 1098 1096 1088 1080 1080 1080 1081 1083 1086 1090 1119 1149 1195 1242 1265 1288
1435 1421 1394 1372 1357 1435 1292 1292 1292 1292 1292 1296 1306 1300 1284 1275 1288 1280 1270 1270 1276 1289 1270 1270 1270 1293 1311 1331 1370 1409 1377 1356 1290 1277 1277 1277 1277 1277 1277 1363 1430 1447 1520 1535 1575 1550 1521 1477 1470 1356 1333 1269 1241 1206 1176 1168 1166 1138 1132 1132 1132 1121 1115 1115 1117 1116 1116 1117 1119 1107 1096 1089 1083 1078 1074 1071 1068 1065 1063 1065 1067 1094 1121 1154 1187 1216 1246
1413 1398 1400 1358 1354 1375 1292 1292 1292 1292 1345 1296 1317 1297 1297 1297 1282 1279 1289 1309 1310 1289 1288 1291 1296 1347 1360 1405 1452 1497 1478 1483 1450 1435 1369 1336 1323 1501 1545 1658 1676 1744 1665 1622 1594 1594 1576 1532 1530 1370 1331 1285 1258 1215 1190 1196 1191 1170 1143 1139 1135 1129 1123 1117 1111 1105 1100 1106 1113 1099 1085 1083 1082 1076 1070 1064 1059 1054 1050 1049 1048 1065 1082 1118 1155 1179 1204
1414 1392 1395 1354 1354 1508 1292 1292 1292 1443 1358 1325 1303 1307 1319 1309 1304 1301 1297 1307 1314 1298 1320 1328 1349 1379 1415 1456 1511 1581 1623 1654 1625 1616 1582 1604 1670 1729 1781 1873 1893 1880 1806 1729 1684 1639 1665 1578 1477 1356 1347 1298 1270 1225 1218 1189 1176 1156 1144 1148 1138 1127 1127 1124 1122 1111 1100 1100 1100 1094 1088 1083 1079 1074 1069 1060 1052 1048 1044 1039 1034 1044 1055 1082 1110 1133 1156
1392 1392 1394 1354 1354 1354 1359 1369 1313 1371 1364 1336 1312 1311 1348 1338 1305 1307 1302 1302 1303 1321 1341 1366 1393 1441 1490 1534 1584 1632 1686 1737 1767 1803 1838 1837 1842 1845 1839 1842 1845 1850 1799 1787 1699 1717 1687 1592 1434 1385 1355 1330 1283 1242 1222 1202 1175 1162 1161 1176 1155 1133 1124 1116 1109 1099 1089 1081 1073 1077 1081 1074 1067 1072 1069 1061 1046 1041 1036 1029 1022 1025 1029 1055 1081 1100 1119
1392 1416 1399 1354 1354 1354 1354 1382 1378 1382 1383 1346 1325 1343 1372 1354 1332 1338 1302 1304 1318 1333 1361 1386 1425 1476 1542 1568 1605 1653 1714 1757 1773 1779 1787 1784 1786 1790 1794 1802 1811 1817 1758 1804 1822 1726 1708 1557 1520 1413 1412 1357 1298 1270 1242 1230 1216 1195 1203 1181 1176 1140 1115 1109 1105 1090 1076 1065 1054 1057 1068 1076 1066 1064 1058 1053 1046 1041 1036 1026 1016 1009 1003 1025 1049 1072 1096
1425 1436 1418 1410 1401 1361 1357 1387 1403 1391 1391 1386 1350 1386 1390 1357 1335 1356 1353 1335 1367 1387 1405 1449 1464 1537 1589 1612 1662 1682 1706 1713 1711 1713 1715 1726 1737 1749 1761 1767 1773 1779 1762 1767 1775 1775 1754 1648 1564 1451 1405 1353 1293 1276 1260 1246 1244 1238 1220 1206 1220 1177 1142 1118 1099 1088 1077 1061 1053 1053 1058 1064 1061 1053 1052 1051 1043 1038 1034 1029 1024 1009 1003 1005 1016 1043 1071
1416 1410 1388 1388 1384 1365 1386 1406 1395 1381 1399 1376 1365 1376 1400 1395 1369 1364 1369 1363 1374 1398 1447 1476 1513 1556 1593 1617 1653 1662 1667 1661 1662 1669 1672 1689 1706 1714 1723 1731 1740 1802 1764 1726 1699 1699 1715 1682 1611 1559 1436 1408 1317 1303 1289 1288 1284 1262 1251 1239 1242 1214 1190 1154 1116 1095 1086 1077 1062 1053 1053 1054 1054 1057 1059 1052 1043 1040 1038 1032 1027 1019 1011 1002 1002 1009 1025
1406 1398 1385 1390 1375 1356 1376 1407 1394 1357 1350 1365 1369 1367 1379 1366 1364 1364 1390 1385 1371 1376 1446 1486 1492 1514 1567 1597 1635 1639 1617 1614 1612 1620 1643 1657 1672 1681 1690 1698 1707 1759 1725 1693 1693 1694 1695 1697 1654 1641 1600 1488 1357 1343 1326 1328 1325 1303 1286 1262 1245 1206 1177 1160 1126 1093 1084 1091 1082 1072 1060 1056 1053 1053 1055 1055 1048 1042 1036 1032 1029 1016 1004 1004 996 998 992
1417 1202 1202 1202 1202 1202 1214 1274 1387 1349 1368 1399 1401 1367 1367 1375 1306 1291 1279 1202 1341 1397 1441 1463 1486 1508 1547 1576 1584 1585 1588 1602 1624 1646 1625 1628 1635 1645 1655 1661 1668 1688 1643 1662 1685 1675 1695 1696 1699 1716 1717 1634 1556 1446 1364 1347 1356 1326 1310 1273 1236 1213 1175 1122 1109 1107 1097 1092 1084 1089 1087 1064 1053 1053 1053 1056 1065 1051 1038 1033 1029 1018 1008 1006 999 1006 1007
1310 1202 1202 1202 1202 1202 1202 1202 1202 1239 1372 1402 1382 1370 1309 1235 1202 1202 1202 1202 1204 1404 1407 1387 1481 1499 1513 1497 1532 1543 1542 1586 1601 1616 1610 1615 1654 1622 1634 1636 1609 1608 1634 1673 1691 1711 1724 1706 1708 1728 1748 1779 1738 1621 1453 1353 1325 1300 1285 1253 1223 1179 1142 1126 1110 1108 1108 1103 1099 1094 1093 1075 1053 1053 1053 1053 1059 1055 1052 1041 1031 1017 1014 1009 1008 998 1011
1202 1202 1202 1202 1202 1202 1202 1202 1202 1202 1244 1356 1379 1385 1240 1202 1202 1202 1202 1202 1202 1406 1387 1515 1474 1495 1497 1497 1507 1545 1554 1543 1578 1629 1599 1598 1635 1632 1612 1608 1608 1610 1615 1648 1666 1714 1719 1700 1722 1743 1761 1848 1889 1712 1381 1320 1293 1281 1261 1215 1185 1147 1131 1126 1108 1108 1112 1108 1095 1101 1094 1089 1079 1065 1057 1053 1053 1052 1055 1053 1045 1031 1025 1019 1012 994 984
1202 1202 1202 1202 1202 1202 1202 1202 1202 1202 1202 1231 1380 1299 1202 1202 1202 1202 1202 1202 1202 1438 1387 1387 1481 1495 1521 1541 1521 1526 1530 1568 1574 1601 1583 1566 1580 1596 1612 1630 1611 1616 1636 1641 1665 1696 1692 1704 1711 1737 1771 1792 1888 1686 1422 1334 1274 1242 1221 1190 1154 1135 1143 1131 1135 1124 1106 1089 1089 1089 1089 1090 1086 1080 1075 1063 1060 1058 1051 1058 1051 1040 1032 1021 1013 998 980
1202 1202 1202 1202 1202 1202 1202 1202 1202 1202 1202 1202 1202 1202 1202 1202 1202 1202 1202 1202 1328 1342 1394 1387 1488 1520 1538 1543 1546 1525 1524 1546 1551 1544 1561 1567 1579 1601 1614 1614 1627 1627 1624 1621 1648 1666 1655 1671 1676 1718 1760 1790 1862 1539 1340 1312 1262 1246 1217 1182 1159 1143 1146 1153 1140 1115 1102 1089 1089 1089 1089 1091 1091 1076 1080 1083 1086 1062 1053 1051 1041 1034 1027 1017 1012 999 986
1202 1202 1202 1202 1202 1202 1202 1202 1202 1202 1202 1202 1202 1202 1202 1202 1202 1202 1202 1202 1351 1404 1356 1451 1492 1522 1519 1523 1536 1524 1524 1535 1533 1539 1569 1578 1588 1595 1602 1589 1626 1613 1613 1637 1643 1647 1634 1601 1631 1649 1645 1662 1557 1388 1330 1318 1269 1258 1236 1196 1165 1155 1165 1185 1167 1141 1117 1102 1101 1095 1089 1095 1085 1089 1083 1082 1091 1075 1069 1053 1037 1033 1031 1018 1010 1010 992
1202 1202 1202 1202 1202 1202 1202 1202 1202 1202 1202 1202 1202 1305 1570 1202 1202 1204 1267 1357 1334 1334 1467 1484 1514 1518 1519 1529 1537 1542 1524 1535 1536 1552 1575 1566 1578 1552 1557 1587 1599 1597 1609 1617 1627 1569 1559 1491 1515 1522 1473 1455 1352 1371 1337 1326 1318 1256 1246 1220 1186 1187 1223 1227 1207 1195 1183 1136 1102 1091 1090 1096 1092 1084 1082 1082 1071 1070 1078 1075 1060 1056 1045 1025 1019 1010 1007
1202 1202 1202 1202 1202 1202 1202 1202 1202 1202 1202 1202 1202 1202 1449 1386 1294 1325 1365 1470 1488 1468 1467 1481 1499 1515 1527 1542 1535 1536 1531 1520 1521 1529 1545 1558 1558 1558 1551 1564 1578 1591 1611 1583 1491 1509 1491 1616 1532 1387 1341 1341 1346 1370 1368 1354 1342 1319 1279 1253 1248 1249 1282 1255 1270 1261 1247 1224 1152 1130 1111 1088 1088 1087 1094 1107 1122 1086 1084 1078 1069 1062 1043 1026 1019 1027 1010
1202 1202 1202 1202 1202 1202 1202 1202 1202 1202 1202 1202 1202 1441 1424 1417 1454 1445 1459 1485 1500 1486 1486 1475 1478 1482 1507 1508 1521 1520 1506 1505 1520 1519 1533 1539 1541 1535 1535 1540 1538 1556 1581 1501 1568 1577 1595 1611 1617 1341 1341 1341 1341 1349 1351 1335 1329 1325 1289 1284 1298 1317 1306 1301 1299 1291 1298 1295 1228 1185 1146 1131 1100 1077 1077 1093 1100 1089 1087 1076 1068 1055 1050 1047 1033 1024 1014
1202 1202 1266 1376 1470 1523 1202 1202 1202 1202 1202 1202 1306 1438 1408 1450 1448 1469 1485 1487 1485 1502 1490 1488 1501 1519 1522 1499 1523 1524 1496 1496 1502 1502 1502 1514 1517 1517 1519 1523 1525 1522 1489 1454 1513 1554 1561 1341 1391 1341 1341 1341 1341 1341 1343 1352 1329 1330 1308 1307 1306 1313 1314 1316 1321 1327 1334 1329 1281 1231 1191 1138 1108 1093 1060 1051 1054 1067 1069 1062 1051 1028 1039 1034 1020 1013 1008
1210 1305 1445 1498 1506 1482 1421 1379 1399 1359 1250 1202 1325 1463 1408 1474 1473 1473 1484 1483 1483 1483 1494 1497 1497 1488 1427 1411 1432 1473 1496 1518 1536 1538 1524 1494 1500 1502 1497 1497 1514 1492 1396 1456 1513 1536 1341 1341 1341 1341 1341 1341 1341 1341 1341 1402 1367 1369 1345 1339 1335 1334 1332 1334 1332 1355 1339 1327 1279 1235 1183 1151 1090 1065 1046 1031 1028 1035 1056 1024 1029 1025 1017 1015 1017 1007 1010
1359 1495 1446 1486 1504 1498 1470 1468 1486 1433 1374 1351 1422 1456 1515 1492 1476 1484 1495 1483 1483 1483 1522 1516 1442 1351 1351 1351 1351 1369 1471 1510 1525 1508 1505 1492 1492 1491 1485 1483 1466 1445 1340 1491 1511 1525 1341 1341 1341 1341 1341 1341 1341 1341 1341 1341 1420 1413 1387 1379 1380 1369 1344 1345 1364 1363 1380 1300 1259 1152 1139 1120 1083 1036 1015 1015 1017 1023 1029 1015 1015 1015 1015 1015 1011 998 994
1269 1452 1479 1523 1601 1593 1502 1460 1408 1374 1425 1483 1555 1579 1549 1529 1511 1503 1503 1516 1504 1497 1530 1512 1351 1351 1504 1431 1457 1423 1351 1464 1497 1475 1477 1478 1487 1487 1475 1441 1340 1340 1466 1469 1490 1507 1516 1341 1341 1341 1341 1341 1341 1341 1341 1341 1346 1375 1408 1440 1408 1390 1406 1403 1376 1333 1272 1175 1154 1134 1117 1091 1047 1016 1015 1015 1015 1015 1017 1015 1015 1024 1015 1024 996 993 988
1281 1408 1475 1557 1647 1631 1469 1423 1374 1426 1544 1658 1616 1597 1575 1571 1561 1547 1522 1521 1516 1506 1493 1409 1351 1499 1460 1476 1487 1453 1401 1395 1458 1469 1456 1456 1483 1485 1403 1340 1450 1464 1469 1471 1475 1474 1393 1341 1341 1341 1341 1341 1341 1341 1341 1341 1341 1391 1434 1461 1440 1468 1412 1418 1340 1215 1174 1140 1111 1106 1087 1071 1053 1032 1015 1016 1023 1032 1017 1021 1031 1025 1019 996 988 982 982
1325 1407 1479 1555 1602 1597 1533 1517 1622 1711 1695 1651 1648 1653 1618 1599 1579 1583 1551 1536 1524 1515 1526 1461 1351 1451 1457 1468 1482 1484 1451 1406 1340 1400 1457 1442 1443 1363 1340 1443 1467 1466 1471 1476 1477 1462 1438 1349 1341 1341 1341 1341 1341 1341 1341 1341 1376 1438 1494 1488 1523 1454 1444 1405 1304 1251 1165 1140 1128 1112 1095 1076 1055 1040 1029 1036 1027 1010 1001 1001 1000 999 992 992 988 989 987
1365 1426 1477 1543 1602 1641 1647 1716 1762 1745 1727 1716 1709 1681 1654 1633 1620 1559 1514 1559 1528 1525 1522 1468 1351 1424 1470 1483 1423 1318 1325 1392 1392 1340 1340 1340 1340 1340 1465 1462 1463 1403 1437 1473 1487 1491 1506 1485 1507 1461 1361 1341 1341 1341 1341 1341 1427 1505 1580 1564 1551 1455 1450 1356 1264 1171 1157 1175 1159 1139 1120 1084 1057 1033 1029 1029 1022 1019 1025 1016 1007 1000 996 1009 1001 985 985
1381 1437 1474 1530 1614 1696 1770 1828 1810 1809 1776 1759 1739 1710 1696 1542 1520 1544 1431 1431 1540 1536 1517 1473 1318 1358 1491 1397 1318 1318 1318 1318 1409 1424 1452 1444 1340 1451 1448 1377 1318 1318 1318 1318 1318 1318 1318 1423 1352 1431 1341 1381 1370 1346 1396 1469 1535 1635 1689 1703 1619 1521 1406 1290 1268 1243 1213 1192 1193 1159 1138 1104 1071 1057 1044 1041 1039 1035 1032 1028 1021 1018 1004 1004 998 991 984
1353 1429 1469 1515 1589 1680 1800 1851 1824 1829 1791 1775 1761 1731 1649 1398 1376 1350 1535 1469 1528 1519 1500 1386 1318 1318 1318 1318 1318 1318 1318 1318 1460 1430 1449 1318 1318 1318 1318 1318 1325 1375 1411 1397 1318 1318 1318 1337 1480 1564 1614 1601 1572 1595 1563 1684 1763 1782 1847 1771 1694 1605 1470 1320 1299 1265 1240 1201 1191 1175 1157 1128 1100 1083 1066 1064 1063 1054 1046 1039 1033 1025 1020 1017 1009 1006 997
1315 1406 1447 1524 1549 1606 1640 1790 1842 1848 1811 1799 1765 1746 1610 1409 1318 1318 1318 1318 1318 1318 1365 1344 1318 1318 1318 1318 1318 1318 1318 1318 1318 1450 1394 1318 1318 1318 1437 1376 1399 1453 1429 1435 1412 1318 1318 1351 1474 1599 1666 1648 1717 1726 1756 1812 1883 1912 1902 1873 1771 1702 1600 1462 1383 1357 1262 1242 1216 1200 1186 1160 1134 1116 1100 1096 1092 1078 1064 1053 1043 1037 1032 1034 1038 1024 1033
1291 1354 1382 1503 1509 1551 1622 1763 1832 1863 1851 1785 1774 1702 1626 1318 1318 1318 1318 1318 1318 1318 1318 1318 1318 1318 1318 1318 1318 1318 1318 1318 1318 1318 1318 1318 1348 1402 1424 1419 1442 1421 1415 1361 1318 1318 1318 1318 1422 1507 1626 1639 1739 1773 1806 1836 1853 1894 1908 1877 1867 1865 1792 1695 1610 1591 1475 1302 1266 1242 1220 1193 1166 1158 1150 1136 1123 1101 1080 1069 1058 1061 1065 1072 1079 1068 1057
1255 1327 1387 1467 1485 1485 1498 1693 1843 1866 1803 1769 1695 1665 1628 1378 1318 1318 1318 1318 1318 1318 1318 1318 1318 1318 1318 1318 1318 1318 1318 1318 1318 1318 1352 1318 1416 1428 1422 1406 1405 1397 1376 1318 1318 1371 1441 1572 1497 1477 1465 1543 1659 1844 1884 1761 1731 1753 1798 1842 1897 1935 1900 1823 1777 1692 1598 1540 1455 1459 1421 1449 1360 1316 1217 1221 1210 1199 1189 1167 1141 1122 1140 1127 1122 1113 1103
1277 1342 1409 1454 1541 1519 1485 1485 1698 1739 1710 1734 1694 1652 1728 1501 1318 1318 1318 1318 1318 1318 1318 1318 1318 1318 1318 1318 1318 1318 1318 1318 1318 1335 1318 1318 1395 1396 1398 1387 1389 1384 1361 1318 1383 1340 1340 1340 1340 1340 1340 1369 1523 1728 1744 1649 1598 1633 1696 1753 1817 1855 1864 1891 1919 1805 1735 1681 1626 1629 1638 1596 1572 1534 1543 1421 1354 1413 1359 1357 1317 1366 1393 1285 1220 1209 1169
1262 1328 1388 1427 1490 1520 1486 1507 1578 1584 1627 1619 1546 1384 1512 1378 1318 1318 1318 1318 1318 1318 1318 1318 1318 1318 1318 1318 1318 1318 1318 1318 1413 1318 1351 1365 1371 1374 1379 1382 1387 1408 1318 1325 1340 1340 1340 1340 1340 1340 1340 1340 1340 1435 1622 1619 1585 1621 1632 1676 1737 1766 1831 1880 1908 1941 1855 1805 1728 1689 1670 1655 1657 1734 1705 1536 1491 1565 1473 1436 1430 1493 1430 1433 1417 1360 1329
1248 1296 1356 1408 1458 1457 1465 1485 1521 1540 1546 1482 1421 1402 1385 1357 1318 1318 1318 1318 1318 1318 1318 1318 1318 1318 1318 1461 1319 1353 1448 1473 1425 1386 1361 1362 1368 1367 1367 1378 1380 1383 1402 1318 1392 1340 1340 1340 1342 1411 1560 1340 1340 1340 1509 1583 1568 1589 1637 1662 1678 1780 1791 1837 1875 1909 1965 1907 1804 1738 1709 1696 1706 1728 1697 1613 1575 1590 1545 1513 1507 1533 1569 1648 1548 1457 1403
