input_sf/dem_tdp.txt
ncols         375
nrows         254
xllcorner     -73.15875
yllcorner     -51.070992819073
cellsize      0.00083232081
NODATA_value  -9999
[rows 78 to 116 of 254, columns 0 to 86 of 375]
988 958 927 906 881 861 826 793 778 761 758 735 715 709 672 651 634 633 633 634 629 646 653 664 689 715 753 784 824 833 828 833 836 825 818 790 770 754 720 691 665 640 622 618 602 595 598 602 599 589 602 605 591 567 521 499 493 475 475 479 492 508 519 524 532 520 511 517 517 524 517 546 536 552 562 573 601 606 630 660 684 691 681 672 688 706 722
1033 1006 977 942 928 910 892 875 850 818 794 755 732 715 701 692 690 669 661 649 642 629 629 641 658 679 716 764 785 783 797 801 794 786 774 735 701 684 655 622 613 593 557 548 524 505 521 534 519 536 542 540 519 520 496 484 475 475 475 475 492 513 529 533 543 536 540 539 537 548 555 564 580 582 574 584 622 637 663 680 691 699 693 715 729 757 783
1048 1024 1003 971 971 966 925 913 893 867 851 849 805 783 759 735 713 696 683 664 661 647 621 617 618 648 669 713 746 760 779 779 771 760 731 693 659 627 613 579 546 524 514 512 509 501 496 494 489 492 495 490 475 475 475 475 475 475 475 487 495 505 521 526 534 549 547 551 559 564 574 579 596 603 617 643 663 677 690 696 710 719 746 762 777 803 822
1088 1060 1032 1011 1009 988 969 947 933 928 907 883 873 854 821 782 757 731 717 700 675 663 649 637 617 627 646 705 722 743 759 758 769 739 705 655 621 598 563 549 540 526 520 531 531 522 523 516 502 489 492 484 478 481 487 483 482 484 476 492 497 501 512 523 544 542 543 561 566 572 588 599 611 625 639 660 681 701 713 727 742 755 783 804 820 852 854
1107 1083 1063 1044 1032 1008 969 949 934 934 927 909 899 872 851 821 782 766 748 726 699 672 650 632 635 622 624 668 697 695 697 699 688 675 661 603 564 549 549 553 565 550 548 557 550 541 534 517 511 498 498 484 482 484 488 489 493 497 491 498 500 504 516 525 535 552 551 567 584 590 610 620 625 637 671 684 699 717 734 758 771 790 809 831 867 894 910
1084 1061 1043 1039 1012 983 947 936 939 925 915 909 887 865 844 827 802 778 765 732 710 681 657 645 620 592 613 642 652 642 638 642 640 610 590 549 549 549 550 551 555 550 549 549 556 564 543 532 522 516 505 502 499 496 495 505 508 511 513 516 521 521 525 534 558 561 581 585 593 617 628 648 646 672 711 723 732 754 775 814 838 847 854 873 895 924 950
1016 988 988 972 966 951 938 916 881 868 876 845 829 820 802 787 758 745 735 722 689 676 659 626 606 583 586 584 592 595 589 568 549 549 549 549 549 554 557 550 549 549 549 549 549 555 555 538 532 523 515 516 518 522 527 530 532 535 538 539 542 535 550 561 584 576 603 620 647 661 679 713 724 715 735 756 767 783 802 836 869 878 882 909 924 952 977
926 941 917 899 883 870 847 831 819 810 788 781 779 762 743 725 717 708 703 682 679 658 633 610 595 580 571 567 561 557 557 557 555 552 549 549 549 549 549 549 549 549 549 549 549 549 556 535 528 534 544 566 574 568 558 570 568 566 560 559 566 566 572 580 611 629 646 679 698 734 728 751 772 776 769 785 805 814 847 870 892 903 920 936 956 972 991
860 854 847 831 817 794 782 776 765 745 739 737 731 717 705 692 685 679 671 661 660 650 626 614 600 581 564 563 562 556 563 586 576 553 549 549 549 549 549 549 549 549 549 549 558 555 561 560 579 585 586 601 616 617 609 608 608 602 603 607 619 622 631 670 722 720 701 706 748 779 790 791 814 833 831 846 856 876 886 898 921 946 965 978 998 1017 1027
792 772 780 777 772 760 747 739 718 713 719 714 702 693 686 671 663 651 648 638 634 625 614 602 585 571 568 566 560 560 560 582 589 552 554 549 549 549 549 549 549 549 549 549 583 599 575 585 604 612 620 642 641 636 643 638 642 645 649 657 669 696 766 781 788 797 802 800 814 824 841 852 857 875 875 883 893 906 930 934 960 982 1005 1040 1059 1067 1099
768 759 757 747 744 737 733 726 720 714 711 711 702 690 678 673 656 640 633 635 626 624 620 614 611 618 620 610 594 574 572 585 591 567 549 549 549 549 549 549 549 549 549 549 569 581 574 607 624 639 658 668 666 677 680 686 687 688 679 716 733 766 799 812 821 836 848 865 878 888 877 893 906 913 932 941 944 964 978 988 1007 1025 1051 1074 1087 1104 1120
749 747 750 743 735 727 727 727 717 699 698 687 680 676 664 664 668 670 665 661 659 651 650 654 641 638 644 641 629 620 603 587 592 591 549 549 549 549 549 549 549 549 549 549 549 569 603 634 661 675 691 699 703 703 712 723 733 736 745 773 801 816 821 848 892 921 919 939 929 965 928 931 950 964 972 970 975 997 1010 1029 1053 1059 1091 1106 1130 1146 1163
758 747 731 725 721 720 716 709 708 698 713 708 708 717 712 716 709 698 699 691 691 685 683 684 676 677 662 660 660 654 635 628 606 613 595 550 549 549 549 549 549 549 549 549 549 573 606 649 677 698 720 725 745 761 780 786 795 831 850 868 905 897 901 905 932 954 961 961 1022 1037 969 969 981 1003 1009 1009 1016 1034 1050 1080 1100 1113 1131 1169 1187 1205 1224
765 756 750 755 759 753 739 756 762 766 757 748 748 750 749 744 744 736 733 731 723 721 707 711 700 708 706 704 699 712 711 710 695 656 635 591 553 549 549 549 549 549 549 549 569 571 608 654 699 742 760 774 790 806 829 844 854 874 899 920 935 931 935 938 957 976 974 985 1035 1076 1016 1017 1019 1025 1050 1062 1060 1068 1093 1109 1131 1151 1182 1218 1250 1270 1291
782 783 793 797 800 805 813 814 816 813 787 784 773 776 786 780 779 780 790 790 783 771 763 763 751 744 737 750 756 754 761 770 754 724 665 608 575 549 549 549 549 549 549 549 549 580 604 655 707 749 798 814 844 851 877 901 918 924 934 945 968 974 984 993 999 1030 1031 1031 1052 1051 1042 1047 1056 1080 1086 1095 1096 1104 1129 1160 1167 1194 1233 1267 1302 1331 1360
826 840 842 841 853 853 855 843 845 851 841 829 820 845 841 836 826 823 837 830 833 824 818 811 801 805 801 799 805 805 797 787 767 735 634 572 549 549 549 549 549 549 549 550 549 585 617 674 731 771 815 843 883 902 923 933 945 965 978 1003 1011 1027 1049 1043 1042 1062 1066 1072 1078 1077 1067 1068 1094 1118 1141 1151 1144 1144 1161 1177 1196 1253 1285 1317 1354 1387 1420
894 889 899 893 885 892 902 892 887 886 893 907 897 901 895 898 892 903 914 907 900 876 867 871 869 875 876 884 881 858 824 803 778 692 607 554 549 549 549 549 549 549 549 549 549 602 641 703 766 808 874 917 947 965 970 968 985 1013 1033 1051 1066 1072 1093 1103 1100 1094 1100 1092 1115 1112 1104 1112 1123 1159 1185 1182 1182 1192 1199 1220 1250 1270 1300 1347 1414 1446 1479
946 950 952 956 941 945 951 943 947 957 957 959 942 948 948 956 960 960 957 957 949 947 941 940 934 938 942 937 920 878 837 798 766 676 587 556 549 549 549 549 549 549 549 549 549 615 671 740 807 858 921 961 1001 1018 1034 1025 1023 1038 1069 1101 1111 1126 1157 1163 1146 1148 1152 1140 1145 1157 1152 1160 1160 1209 1237 1246 1233 1241 1246 1245 1269 1296 1336 1376 1449 1500 1539
1009 1024 1031 1025 1023 1032 1026 1003 1018 1039 1020 1029 1014 1012 1018 1023 1014 1019 1032 1018 1017 1017 1010 1006 1013 1002 976 932 893 870 817 767 718 644 571 549 549 549 549 549 549 549 549 574 615 666 707 781 874 909 962 989 1052 1064 1075 1088 1097 1088 1103 1143 1182 1222 1237 1249 1218 1175 1171 1173 1177 1188 1198 1206 1241 1261 1284 1286 1265 1263 1264 1274 1284 1317 1362 1396 1486 1537 1550
1081 1092 1083 1096 1097 1069 1080 1081 1083 1086 1088 1108 1107 1097 1094 1113 1106 1093 1078 1085 1071 1076 1061 1050 1023 1011 974 928 881 841 800 719 639 597 556 549 549 549 549 549 551 572 583 632 684 722 759 851 910 937 996 1043 1077 1099 1119 1123 1125 1134 1156 1182 1213 1226 1266 1290 1280 1237 1223 1218 1202 1211 1228 1242 1271 1308 1331 1316 1306 1295 1300 1302 1319 1374 1396 1445 1561 1604 1578
1130 1135 1146 1155 1159 1153 1154 1172 1162 1182 1182 1176 1185 1193 1179 1177 1171 1158 1153 1150 1123 1104 1088 1065 1027 999 956 912 856 807 766 689 613 588 563 549 549 549 549 549 549 598 637 677 719 758 799 861 936 972 1021 1054 1083 1111 1119 1133 1150 1167 1218 1229 1262 1259 1274 1290 1308 1304 1290 1279 1248 1268 1268 1273 1331 1378 1392 1397 1337 1344 1344 1362 1378 1400 1427 1506 1585 1618 1606
1188 1196 1214 1210 1218 1218 1226 1229 1234 1240 1253 1261 1266 1261 1269 1251 1249 1252 1218 1186 1146 1125 1094 1052 1008 955 896 858 823 772 727 666 605 593 581 550 549 549 549 549 569 627 680 716 749 771 836 914 953 1013 1044 1067 1113 1120 1168 1190 1210 1238 1269 1268 1304 1323 1308 1339 1343 1335 1341 1332 1316 1300 1320 1361 1402 1452 1485 1453 1413 1381 1374 1392 1414 1451 1531 1546 1592 1614 1623
1237 1274 1290 1295 1313 1295 1291 1297 1313 1316 1327 1339 1338 1341 1332 1331 1312 1295 1228 1145 1107 1067 1049 1037 989 901 889 850 809 766 708 652 613 607 602 571 566 550 549 549 605 658 711 750 793 813 920 970 1021 1062 1113 1130 1156 1185 1225 1248 1261 1288 1317 1374 1372 1360 1358 1376 1388 1400 1381 1369 1365 1370 1385 1425 1466 1510 1558 1535 1505 1482 1460 1473 1490 1532 1548 1549 1594 1623 1625
1352 1360 1365 1371 1385 1373 1357 1369 1386 1397 1411 1392 1381 1370 1353 1337 1265 1222 1164 1117 1084 1068 1048 1025 991 947 933 926 896 864 831 732 650 631 629 620 609 611 594 627 678 731 785 826 868 899 942 1004 1072 1106 1153 1170 1203 1235 1260 1287 1321 1340 1368 1389 1426 1430 1408 1395 1392 1396 1409 1425 1431 1440 1442 1487 1532 1577 1614 1628 1621 1551 1516 1543 1542 1551 1579 1593 1600 1612 1563
1383 1414 1423 1450 1452 1452 1438 1438 1461 1465 1463 1467 1412 1389 1357 1324 1265 1244 1180 1162 1144 1132 1146 1091 1026 1000 978 987 959 920 894 791 689 679 670 683 671 669 686 715 746 789 833 876 920 956 985 1010 1115 1147 1178 1223 1256 1280 1310 1341 1367 1395 1424 1451 1478 1452 1456 1438 1417 1411 1428 1446 1470 1480 1516 1574 1618 1645 1670 1669 1686 1657 1650 1548 1591 1623 1637 1629 1610 1565 1532
1414 1454 1484 1523 1534 1533 1491 1497 1522 1524 1532 1534 1495 1448 1411 1355 1320 1267 1250 1236 1211 1205 1164 1143 1086 1049 1027 1026 1023 1000 973 885 797 759 722 726 730 714 724 736 767 800 867 911 956 989 1032 1046 1100 1156 1194 1219 1286 1321 1367 1404 1442 1457 1478 1533 1576 1585 1521 1473 1513 1496 1496 1496 1506 1518 1564 1629 1655 1682 1704 1720 1722 1733 1727 1665 1690 1740 1727 1661 1601 1570 1547
1480 1517 1534 1566 1611 1612 1605 1590 1593 1606 1625 1610 1559 1487 1473 1427 1379 1361 1337 1276 1260 1230 1203 1186 1146 1091 1058 1057 1061 1061 1045 984 923 856 789 774 759 754 758 764 779 841 889 928 977 1012 1060 1105 1130 1176 1221 1261 1314 1337 1380 1421 1458 1494 1531 1580 1645 1655 1654 1575 1551 1552 1513 1526 1539 1565 1591 1650 1701 1723 1757 1796 1816 1820 1808 1818 1868 1844 1845 1757 1634 1601 1570
1553 1573 1599 1625 1662 1703 1688 1672 1647 1658 1659 1673 1663 1610 1565 1518 1446 1430 1376 1319 1282 1260 1238 1181 1159 1138 1097 1087 1094 1100 1080 1071 1008 952 899 840 849 840 828 797 810 882 907 961 1015 1073 1113 1157 1199 1216 1281 1307 1329 1351 1380 1438 1473 1516 1559 1614 1670 1715 1758 1688 1644 1618 1601 1599 1583 1604 1644 1682 1717 1763 1802 1856 1861 1895 1915 1921 1924 1931 1908 1826 1696 1672 1634
1617 1669 1687 1694 1721 1760 1761 1719 1664 1645 1652 1656 1653 1634 1603 1574 1470 1422 1372 1338 1287 1260 1232 1183 1175 1153 1133 1125 1130 1119 1104 1073 1029 980 936 899 855 841 836 859 870 931 956 1055 1128 1129 1186 1215 1255 1310 1374 1383 1366 1385 1431 1465 1511 1532 1583 1629 1681 1749 1798 1806 1784 1700 1649 1635 1610 1643 1676 1695 1767 1805 1823 1886 1934 1987 1994 1957 1989 1990 1948 1865 1760 1751 1708
1728 1743 1758 1783 1767 1770 1755 1704 1648 1617 1598 1603 1587 1587 1572 1526 1432 1383 1349 1304 1270 1232 1191 1171 1172 1170 1160 1154 1135 1126 1118 1117 1095 1040 1010 965 932 884 877 906 926 967 1057 1126 1160 1174 1205 1251 1299 1355 1374 1394 1422 1456 1467 1513 1537 1547 1583 1670 1683 1735 1784 1823 1817 1735 1682 1659 1663 1663 1696 1740 1797 1852 1885 1952 1915 1996 1980 1985 2012 2049 1991 1884 1796 1766 1723
1707 1767 1817 1821 1780 1724 1704 1659 1628 1581 1505 1496 1483 1473 1449 1405 1378 1355 1297 1261 1216 1210 1209 1206 1202 1197 1181 1165 1168 1143 1136 1127 1130 1129 1113 1108 1069 1027 1010 1056 1008 1079 1146 1224 1230 1228 1240 1267 1311 1345 1369 1406 1454 1494 1537 1587 1584 1591 1668 1674 1705 1727 1795 1838 1859 1796 1733 1711 1712 1702 1748 1804 1853 1872 1932 1910 1900 1914 1909 1911 1930 1943 1922 1855 1791 1749 1726
1712 1761 1819 1794 1713 1687 1621 1549 1536 1496 1476 1460 1447 1419 1374 1368 1348 1299 1266 1235 1212 1208 1208 1209 1214 1203 1192 1173 1168 1166 1142 1147 1160 1153 1132 1126 1118 1097 1089 1095 1164 1230 1265 1282 1280 1295 1279 1297 1318 1335 1364 1408 1450 1500 1571 1632 1649 1679 1679 1700 1696 1706 1782 1792 1781 1730 1685 1681 1705 1753 1801 1816 1832 1845 1921 1910 1867 1843 1834 1828 1837 1842 1832 1793 1758 1731 1723
1679 1704 1724 1697 1641 1553 1514 1481 1467 1448 1428 1415 1459 1436 1369 1333 1305 1276 1247 1224 1221 1215 1208 1215 1217 1205 1203 1201 1181 1173 1171 1169 1162 1169 1154 1140 1129 1121 1103 1194 1258 1290 1349 1378 1370 1375 1344 1327 1326 1351 1352 1396 1442 1501 1572 1635 1682 1695 1700 1727 1701 1664 1683 1693 1679 1651 1626 1629 1646 1726 1723 1745 1742 1753 1796 1832 1797 1774 1752 1737 1739 1745 1743 1729 1714 1707 1710
1614 1611 1608 1600 1516 1477 1457 1448 1425 1414 1394 1374 1357 1331 1304 1281 1259 1254 1259 1250 1231 1235 1215 1211 1214 1204 1195 1191 1195 1193 1182 1182 1178 1172 1166 1171 1145 1132 1194 1250 1294 1344 1405 1439 1434 1417 1385 1363 1339 1361 1360 1401 1431 1474 1552 1628 1654 1670 1677 1670 1654 1618 1607 1606 1595 1577 1564 1562 1554 1542 1550 1526 1560 1594 1599 1674 1700 1708 1648 1627 1637 1648 1654 1657 1660 1669 1685
1558 1533 1503 1441 1428 1428 1422 1380 1369 1349 1325 1319 1304 1298 1282 1262 1258 1258 1263 1284 1277 1255 1228 1218 1222 1201 1198 1201 1213 1199 1183 1187 1188 1188 1177 1167 1164 1182 1248 1282 1313 1357 1446 1470 1466 1435 1415 1398 1403 1380 1388 1429 1462 1510 1582 1631 1649 1621 1580 1577 1567 1547 1534 1526 1516 1506 1497 1491 1481 1469 1445 1443 1452 1457 1488 1531 1561 1552 1518 1519 1544 1560 1582 1595 1605 1627 1654
1517 1469 1426 1401 1391 1377 1350 1332 1322 1315 1308 1295 1282 1281 1258 1258 1258 1258 1258 1281 1287 1271 1270 1253 1224 1225 1216 1230 1254 1247 1206 1185 1200 1199 1193 1190 1203 1233 1266 1316 1378 1423 1494 1556 1535 1534 1448 1408 1417 1421 1433 1454 1518 1588 1636 1641 1637 1552 1509 1493 1480 1462 1455 1450 1441 1432 1425 1426 1425 1412 1389 1382 1387 1388 1386 1419 1423 1443 1430 1455 1458 1484 1520 1535 1546 1576 1621
1483 1454 1428 1411 1389 1372 1337 1320 1314 1291 1284 1282 1282 1277 1265 1258 1258 1258 1258 1270 1285 1308 1300 1256 1224 1224 1227 1230 1240 1242 1234 1213 1202 1224 1210 1213 1235 1282 1307 1342 1382 1418 1436 1343 1321 1376 1406 1515 1475 1470 1472 1529 1580 1597 1579 1568 1544 1478 1439 1413 1395 1376 1375 1373 1368 1359 1348 1352 1361 1373 1352 1352 1336 1346 1357 1391 1397 1413 1395 1398 1402 1427 1465 1476 1489 1510 1520
1475 1450 1419 1400 1374 1343 1327 1316 1310 1293 1293 1292 1315 1286 1283 1274 1258 1258 1258 1269 1291 1311 1296 1269 1248 1224 1224 1224 1224 1224 1228 1224 1220 1221 1217 1240 1261 1284 1318 1349 1443 1277 1277 1277 1277 1277 1306 1316 1393 1494 1583 1525 1562 1486 1466 1435 1415 1374 1335 1323 1309 1295 1292 1290 1290 1292 1268 1281 1276 1284 1290 1297 1299 1288 1290 1357 1363 1395 1387 1385 1395 1423 1435 1429 1447 1459 1469
1472 1440 1401 1369 1351 1331 1327 1318 1308 1311 1313 1338 1332 1305 1266 1263 1273 1281 1268 1264 1274 1277 1267 1265 1278 1259 1243 1240 1242 1235 1232 1242 1233 1235 1249 1269 1292 1315 1333 1356 1350 1277 1277 1277 1277 1277 1277 1277 1311 1392 1444 1428 1424 1381 1374 1338 1318 1292 1263 1244 1232 1221 1213 1204 1210 1223 1233 1223 1223 1239 1253 1264 1266 1276 1286 1310 1326 1354 1322 1337 1361 1416 1408 1401 1429 1437 1463
