input_sf/dem_tdp.txt
ncols         375
nrows         254
xllcorner     -73.15875
yllcorner     -51.070992819073
cellsize      0.00083232081
NODATA_value  -9999
[rows 0 to 38 of 254, columns 0 to 86 of 375]
1125 1061 992 892 838 810 771 766 762 760 782 801 811 836 835 839 847 862 873 872 875 879 897 931 939 917 905 896 899 884 867 855 832 833 834 831 824 808 800 790 789 750 720 692 672 659 640 616 576 573 575 578 552 520 465 437 385 354 311 280 214 208 208 208 208 208 208 208 208 208 208 208 208 208 208 208 208 208 209 210 212 215 227 244 271 282 282
1134 1104 1040 968 886 832 787 752 723 724 731 747 745 751 758 772 781 786 808 789 792 805 817 824 845 821 814 823 819 813 803 791 796 783 786 789 780 760 749 746 718 707 676 654 634 610 588 571 550 545 541 539 553 538 497 479 435 410 360 319 281 208 208 208 208 208 208 208 208 208 208 208 208 208 208 208 208 208 209 214 225 235 244 247 257 264 282
1132 1085 1029 976 919 862 825 787 749 720 691 698 706 701 697 704 708 744 748 743 751 762 783 787 800 782 772 769 770 756 766 742 718 731 744 747 750 741 735 692 654 642 601 580 575 561 549 522 514 511 504 518 539 524 506 461 437 409 371 335 306 237 208 208 208 208 208 208 208 208 208 208 208 208 208 208 208 208 208 211 228 227 233 262 277 264 276
1108 1037 992 962 921 852 834 785 751 719 685 663 644 642 640 638 637 645 702 676 707 725 706 698 750 765 730 704 730 706 682 661 673 688 703 708 713 701 690 671 615 589 551 543 508 499 496 486 480 479 477 476 490 498 460 435 410 396 379 350 323 283 221 208 208 208 208 208 208 208 208 208 208 208 208 208 208 208 208 214 216 223 232 241 257 279 273
998 968 922 889 900 855 815 804 735 705 676 655 635 617 599 595 590 589 602 625 641 663 650 619 640 614 622 613 609 625 621 616 652 625 626 630 631 632 613 602 552 523 500 473 456 451 449 450 448 446 447 442 438 471 436 412 400 381 358 343 329 298 245 208 208 208 208 208 208 208 208 208 208 208 208 208 208 208 208 208 214 221 216 235 254 270 271
935 873 851 828 786 800 758 747 711 698 679 646 613 589 566 553 529 523 539 554 562 568 565 568 569 580 574 577 559 575 545 530 573 596 611 602 587 546 541 514 497 481 452 424 406 406 407 409 418 422 426 424 416 424 415 382 369 355 345 313 305 293 259 208 208 208 208 208 208 208 208 208 208 208 208 208 208 208 208 208 208 210 211 224 246 260 268
750 753 790 747 697 688 708 722 698 686 675 628 581 553 525 503 449 459 477 480 483 481 483 485 488 492 490 491 486 481 476 480 500 517 529 532 525 520 501 474 450 427 394 380 387 384 385 381 398 390 398 390 378 368 376 354 340 324 293 282 278 277 258 233 208 208 208 208 208 208 208 208 208 208 208 208 208 208 208 208 226 226 231 240 254 251 244
663 650 661 657 650 635 645 647 635 640 617 576 533 506 480 443 407 410 419 408 401 401 402 406 409 410 403 401 398 389 382 397 410 425 434 437 435 431 415 404 396 378 367 352 349 357 353 358 359 352 347 348 340 340 333 305 283 274 253 246 240 232 238 223 208 208 208 208 208 208 208 208 208 208 208 208 208 208 208 208 208 224 236 246 262 257 260
635 598 586 580 570 562 563 562 558 556 547 534 497 467 438 400 363 361 359 348 339 334 331 335 333 335 321 320 323 315 316 322 331 344 353 355 356 355 348 345 343 319 323 321 328 326 339 336 331 334 321 315 311 309 302 299 281 256 243 225 216 212 210 221 208 208 208 208 208 208 208 208 208 208 208 208 208 208 208 208 208 219 217 227 239 242 242
547 516 501 491 488 482 479 477 475 473 469 465 416 422 396 368 340 325 310 302 294 284 275 275 275 274 267 266 266 263 258 253 254 274 278 276 282 287 274 297 302 299 299 300 303 309 303 298 286 284 282 271 273 277 281 283 265 238 218 210 208 208 209 208 208 208 208 208 208 208 208 208 208 208 208 208 208 208 208 208 208 208 224 224 234 242 240
484 457 437 422 402 399 396 397 395 396 392 391 380 362 352 335 318 299 281 275 270 262 254 248 242 239 236 235 235 235 235 224 224 224 232 230 232 235 239 245 252 244 225 233 243 235 237 228 234 236 230 238 235 231 237 241 248 243 230 208 208 208 208 209 208 208 208 208 208 208 208 208 208 208 208 208 208 208 208 208 208 208 225 245 254 264 263
431 413 395 381 368 349 334 327 329 330 322 323 304 296 289 285 281 273 284 279 274 272 252 246 240 238 240 237 239 237 232 224 224 224 225 225 223 228 222 225 223 237 229 232 222 222 222 224 222 222 222 222 222 222 226 218 226 232 217 212 208 208 208 208 208 208 208 208 208 208 208 208 208 208 208 208 208 208 208 208 208 208 223 238 250 259 264
394 373 359 343 327 313 300 296 293 291 289 287 286 280 274 268 268 273 274 271 269 266 238 238 239 236 241 262 244 240 242 224 224 224 229 235 226 229 230 222 222 222 222 222 222 222 222 222 222 222 222 222 222 222 224 224 218 219 217 221 221 208 208 208 208 208 208 208 208 208 208 208 208 208 208 208 208 208 208 208 208 208 208 223 224 238 246
364 346 329 323 317 312 307 305 303 296 289 286 283 282 282 275 268 268 268 268 268 257 246 251 252 245 239 256 255 255 255 253 240 231 229 231 228 222 222 222 225 222 222 223 227 222 222 222 222 222 224 223 222 222 231 237 240 234 239 235 239 235 212 209 208 208 208 208 208 208 208 208 208 208 208 208 208 208 208 208 208 208 208 208 208 219 223
336 331 328 337 349 346 344 332 320 311 303 302 301 293 286 307 329 347 365 342 320 307 277 287 293 283 278 270 262 258 255 252 252 267 245 243 239 234 235 240 237 244 257 230 222 239 245 226 231 227 225 237 243 257 267 270 271 264 264 258 255 254 239 211 209 208 208 208 208 208 208 208 208 208 208 208 208 208 208 208 208 208 208 208 208 208 208
362 357 353 361 370 369 368 362 357 355 353 343 334 386 438 450 463 446 430 404 378 361 351 344 346 337 318 301 285 283 282 282 282 281 279 278 278 278 269 275 284 291 300 308 306 313 310 299 289 269 267 292 291 280 290 297 294 285 286 282 276 271 246 243 215 208 208 208 208 208 208 208 208 208 208 208 208 208 208 208 208 208 208 208 208 208 208
397 395 394 402 410 417 424 427 430 456 482 510 539 548 557 540 524 499 474 452 431 410 423 412 411 409 394 378 362 348 335 339 344 349 354 351 356 346 341 347 361 381 374 394 377 383 390 370 351 343 330 333 333 324 332 329 316 310 297 280 281 272 259 244 239 220 208 208 208 208 208 208 208 208 208 208 208 208 208 208 208 208 208 208 208 208 208
438 438 438 448 459 478 498 515 532 548 565 585 605 612 620 597 574 548 522 512 506 483 468 490 491 496 516 524 532 483 434 432 430 440 456 448 458 474 436 436 440 467 425 491 459 468 475 449 424 413 403 394 386 370 360 356 346 345 338 315 295 277 258 255 242 233 209 208 208 208 208 208 208 208 208 208 208 208 208 208 208 208 208 208 208 208 208
479 481 483 497 512 540 568 584 600 617 634 654 674 679 685 657 630 611 593 580 547 556 545 565 574 579 584 589 595 563 531 532 531 524 539 563 591 593 593 634 638 606 634 687 695 645 596 566 537 513 490 479 459 436 429 421 409 389 376 352 333 324 315 298 276 254 227 212 208 208 208 208 208 208 208 208 208 208 208 208 208 208 208 208 208 208 208
523 539 555 575 596 611 626 647 668 688 709 712 716 715 714 703 693 672 651 645 637 630 621 631 641 643 645 658 671 680 690 683 680 644 691 711 744 782 809 895 804 774 800 814 769 727 698 669 648 612 578 548 527 489 491 477 463 455 450 437 404 393 367 367 351 310 261 224 220 208 208 208 208 208 208 208 208 208 208 208 208 208 208 208 208 208 208
561 576 591 614 649 659 681 700 719 735 751 752 753 747 742 743 744 738 733 719 706 701 697 708 719 723 728 728 729 737 745 750 755 758 827 847 851 862 934 973 924 858 833 881 859 823 786 741 711 712 683 636 590 555 565 551 516 505 499 498 459 447 421 399 382 354 303 279 250 236 214 208 208 208 208 208 208 208 208 208 208 208 208 208 208 208 208
609 623 638 667 715 724 751 770 790 794 799 814 808 836 838 828 825 817 809 791 773 773 774 776 779 783 787 792 797 804 812 819 826 846 865 886 918 950 984 1026 1027 1030 979 954 918 891 839 842 801 765 737 710 662 618 627 628 596 558 536 534 519 499 489 452 446 428 394 365 348 292 262 251 223 208 208 208 208 208 208 208 208 208 208 208 208 208 208
668 693 718 729 760 777 814 828 843 854 866 881 898 903 904 892 879 872 861 854 848 846 845 849 853 857 862 868 874 886 898 900 903 925 947 971 995 1016 1038 1070 1072 1063 1043 1020 978 933 906 866 815 798 765 748 699 672 656 673 648 629 590 575 573 546 539 505 479 464 448 414 368 333 293 275 274 225 209 208 208 208 208 208 208 208 208 208 208 208 210
748 764 781 791 805 841 857 884 911 920 929 944 961 966 957 956 943 934 925 918 911 916 922 928 935 944 953 950 947 964 981 981 981 1007 1034 1049 1064 1075 1077 1107 1105 1087 1065 1039 977 950 925 900 861 834 808 781 736 756 745 728 715 698 655 634 610 600 576 542 522 505 484 483 414 392 369 330 300 287 270 246 220 208 208 208 208 208 208 208 218 209 208
823 834 849 856 859 885 931 939 970 981 992 1008 1025 1044 1035 1032 1029 1014 1000 994 988 990 993 1003 1013 1023 1034 1030 1027 1037 1047 1058 1055 1079 1103 1107 1121 1122 1120 1118 1115 1107 1059 1045 1003 962 938 924 887 855 837 811 808 801 803 807 783 749 714 708 677 653 641 598 571 544 533 502 472 444 399 366 320 287 268 268 229 223 210 208 208 208 211 208 208 211 208
892 899 916 937 934 939 983 998 1027 1045 1065 1079 1094 1099 1110 1107 1110 1104 1098 1081 1064 1068 1072 1075 1079 1094 1110 1110 1119 1119 1099 1101 1105 1131 1141 1155 1161 1173 1172 1148 1105 1077 1038 1014 997 969 923 903 881 866 869 869 871 876 873 849 831 815 784 760 745 715 693 672 636 597 574 561 534 488 449 400 368 331 310 301 280 268 236 219 212 215 211 210 208 216 209
973 983 990 994 1001 1012 1037 1062 1080 1101 1125 1139 1154 1161 1169 1171 1173 1170 1167 1153 1140 1141 1143 1147 1149 1154 1170 1208 1210 1221 1219 1207 1197 1202 1230 1228 1208 1195 1172 1142 1109 1057 1039 1022 1011 991 978 961 930 917 901 910 914 909 901 891 872 860 845 811 789 772 745 717 697 658 610 592 556 508 486 438 402 380 369 341 317 319 293 259 255 241 224 223 226 223 219
1016 1042 1068 1074 1067 1089 1104 1114 1125 1159 1193 1205 1218 1226 1235 1241 1247 1243 1240 1213 1186 1199 1210 1215 1217 1211 1219 1257 1324 1319 1306 1307 1304 1285 1262 1244 1201 1162 1129 1098 1067 1050 1035 1032 1027 1025 1022 997 977 974 974 982 971 955 942 933 907 888 881 863 839 809 786 757 745 712 669 646 616 584 530 509 467 441 418 397 378 358 345 319 281 271 263 248 244 243 222
1079 1087 1115 1137 1142 1146 1161 1180 1200 1228 1256 1275 1295 1300 1305 1314 1323 1312 1305 1281 1258 1268 1277 1303 1318 1349 1331 1379 1392 1381 1335 1323 1272 1234 1213 1186 1159 1137 1121 1087 1074 1065 1047 1043 1048 1067 1065 1058 1049 1031 1047 1037 1022 999 979 975 936 911 901 888 878 845 819 781 762 742 720 675 646 619 597 552 528 518 503 458 444 424 398 367 326 303 301 297 291 273 253
1129 1159 1166 1197 1211 1214 1225 1237 1260 1300 1321 1353 1380 1389 1396 1420 1390 1396 1371 1351 1339 1318 1349 1414 1431 1429 1415 1399 1393 1367 1291 1258 1221 1199 1179 1167 1164 1137 1121 1095 1072 1059 1060 1058 1075 1100 1112 1121 1121 1123 1112 1102 1074 1047 1022 997 970 946 927 913 897 884 858 842 807 775 764 728 707 641 635 613 589 560 535 509 502 497 472 425 382 364 355 339 328 325 313
1205 1219 1234 1247 1265 1277 1283 1292 1311 1354 1375 1413 1438 1442 1461 1498 1497 1463 1425 1385 1407 1414 1450 1475 1466 1434 1412 1389 1346 1307 1228 1191 1161 1162 1135 1138 1142 1127 1106 1096 1079 1071 1072 1074 1097 1116 1142 1150 1161 1186 1186 1167 1127 1084 1065 1033 1008 990 975 937 925 912 901 878 858 829 793 755 734 700 692 662 629 609 586 563 528 513 512 490 444 424 415 396 384 348 346
1264 1280 1297 1316 1348 1389 1384 1370 1372 1404 1462 1501 1535 1543 1551 1572 1547 1534 1492 1482 1477 1518 1523 1507 1457 1431 1383 1348 1294 1275 1240 1182 1155 1145 1137 1137 1128 1123 1115 1112 1102 1094 1091 1102 1132 1154 1164 1184 1207 1223 1205 1186 1168 1134 1104 1080 1057 1047 1023 992 977 946 931 920 885 865 818 765 743 744 739 729 688 676 646 632 620 589 577 534 515 488 459 441 431 403 393
1369 1369 1376 1409 1408 1431 1422 1422 1436 1462 1515 1548 1592 1601 1618 1623 1589 1571 1563 1563 1554 1548 1514 1492 1450 1411 1360 1332 1267 1238 1232 1193 1188 1169 1161 1166 1166 1158 1152 1152 1147 1134 1135 1151 1165 1183 1206 1228 1243 1252 1238 1217 1205 1184 1168 1127 1098 1097 1065 1027 1007 980 959 933 923 898 864 843 830 824 808 784 759 728 712 683 661 652 630 601 578 561 514 509 493 476 452
1433 1428 1432 1450 1482 1470 1491 1514 1528 1541 1561 1624 1640 1638 1638 1635 1620 1602 1587 1569 1542 1522 1493 1479 1451 1420 1373 1338 1297 1273 1255 1237 1225 1229 1238 1244 1239 1226 1215 1196 1182 1172 1178 1185 1206 1227 1248 1274 1292 1303 1284 1259 1234 1230 1211 1181 1149 1120 1103 1067 1026 1001 979 945 930 916 894 899 883 874 862 838 796 774 746 748 732 724 689 660 631 609 586 567 541 520 506
1497 1499 1505 1509 1538 1542 1552 1572 1565 1586 1647 1648 1642 1630 1623 1607 1602 1605 1591 1552 1531 1506 1479 1472 1462 1441 1410 1380 1327 1308 1294 1284 1275 1269 1283 1311 1347 1355 1305 1271 1247 1227 1215 1226 1260 1283 1319 1348 1352 1349 1337 1307 1298 1295 1252 1202 1173 1131 1112 1073 1039 1008 995 973 947 945 942 927 927 922 910 890 857 830 819 799 772 760 737 702 666 648 637 642 609 583 571
1583 1560 1581 1595 1631 1633 1629 1649 1671 1674 1666 1667 1655 1638 1634 1626 1619 1591 1567 1547 1537 1516 1491 1484 1492 1498 1493 1442 1399 1353 1306 1287 1281 1293 1307 1362 1393 1379 1380 1362 1301 1275 1275 1290 1314 1348 1367 1373 1396 1403 1399 1363 1351 1328 1276 1224 1181 1151 1144 1119 1063 1032 1017 1006 987 972 975 986 961 949 943 926 914 898 870 856 843 803 785 771 753 730 691 674 661 629 622
1661 1656 1664 1671 1669 1683 1732 1753 1740 1726 1713 1701 1691 1663 1642 1619 1617 1611 1559 1525 1501 1500 1499 1486 1488 1474 1474 1468 1433 1376 1340 1320 1308 1319 1354 1410 1431 1412 1399 1389 1367 1347 1339 1345 1367 1389 1407 1427 1449 1455 1428 1401 1372 1346 1290 1233 1193 1157 1148 1119 1084 1063 1042 1027 1021 1014 1010 1006 1003 1003 991 971 959 946 918 901 882 861 837 820 802 789 778 732 717 697 668
1730 1734 1765 1759 1756 1766 1796 1788 1772 1757 1732 1714 1698 1675 1659 1640 1613 1600 1543 1506 1478 1465 1456 1450 1443 1455 1445 1454 1442 1418 1386 1354 1347 1352 1382 1419 1443 1437 1412 1395 1363 1343 1331 1330 1332 1358 1403 1439 1460 1450 1434 1409 1375 1353 1310 1248 1186 1147 1125 1109 1089 1066 1059 1055 1061 1066 1065 1042 1037 1029 1015 1006 1004 980 953 926 914 898 880 858 837 821 816 815 783 764 735
1699 1745 1784 1807 1833 1864 1858 1831 1792 1765 1742 1729 1691 1668 1642 1614 1583 1545 1512 1479 1458 1434 1426 1428 1419 1421 1420 1427 1444 1443 1433 1417 1402 1410 1427 1432 1408 1388 1356 1338 1337 1323 1308 1315 1305 1309 1330 1372 1398 1401 1405 1383 1367 1343 1305 1273 1222 1161 1131 1107 1093 1075 1070 1076 1079 1089 1104 1092 1073 1076 1065 1050 1037 1020 1005 971 951 937 923 911 894 875 859 837 825 835 797
