input_sf/tdp_slope.txt
ncols         375
nrows         254
xllcorner     -73.15875
yllcorner     -51.070992819073
cellsize      0.00083232081000002
NODATA_value  -9999
[rows 168 to 195 of 254, columns 0 to 62 of 375]
22.5539 34.69746 34.87766 36.02016 39.81429 42.93825 43.36949 43.73024 43.35767 42.27852 36.42878 32.99765 37.07195 45.6419 33.45567 24.77782 25.60855 30.2918 32.01225 34.84923 29.27106 25.96306 25.72758 27.9451 30.3149 36.227 37.85747 33.13221 23.68181 14.14958 9.426543 6.695724 6.436985 5.939543 4.781349 2.56719 3.99993 6.964806 11.05204 17.49439 26.1168 33.26569 33.44719 31.18855 30.21717 31.0867 32.34948 31.77453 31.42101 33.00745 35.0638 36.64786 41.60596 50.20118 55.41316 55.21004 54.92946 50.54575 46.94185 49.99035 64.40352 59.54468 44.2979
24.01446 36.31877 35.0032 35.16026 39.23693 42.99045 44.01636 43.77957 42.30318 41.24059 36.6496 32.1261 34.74258 43.8125 28.79869 17.47478 22.37261 30.13474 33.01943 36.03577 34.02427 31.77072 30.69794 33.79105 33.72238 32.49759 28.99808 24.68278 18.64038 18.77562 14.26998 11.11509 10.29841 9.331689 8.107976 6.425971 7.527309 12.26529 21.1338 30.57724 37.68714 42.17277 42.40922 43.10791 45.37704 47.96495 49.68168 50.14517 50.5612 49.59482 49.2866 52.24465 56.00345 59.07204 60.11728 58.34378 55.49007 52.65479 56.51205 60.3644 65.76314 54.69873 38.45123
28.71381 39.9391 38.76831 38.17138 40.97404 44.42605 46.61332 46.92738 44.46473 42.74727 39.7236 37.02462 36.46711 40.18295 27.63891 19.65567 24.39285 33.49774 40.12147 44.17952 43.60354 42.28352 41.56219 41.7101 38.17613 33.59995 29.38639 28.39615 24.53026 28.2907 25.08962 21.70273 18.94963 16.18312 14.14677 12.27523 14.13081 19.84244 27.66302 34.44409 37.01825 38.55577 37.08868 37.67919 40.78421 42.70142 45.05339 49.64195 52.74154 53.37505 56.05144 57.06642 56.98576 58.92516 59.39947 55.54731 55.09755 60.75836 63.69431 62.00114 59.67482 46.3745 27.26881
27.52204 39.15023 38.77802 37.60723 38.67093 41.05455 44.46473 46.81309 44.96796 43.47644 41.42389 39.65685 38.0756 37.9275 30.34564 25.97558 26.70732 32.57351 39.73219 46.13792 48.76028 49.31382 49.64626 48.55833 44.84595 42.24032 41.81618 40.21073 33.08784 32.77826 29.63172 25.04374 21.20101 16.72429 13.97766 13.34362 21.1519 29.0594 34.32118 39.10782 39.89046 40.08163 37.89695 35.70278 35.23857 34.54551 38.89175 46.58603 51.58217 56.92715 61.08315 60.46228 60.55068 63.41972 63.89456 61.53242 61.21181 62.0263 57.7584 54.29001 52.72302 46.53514 35.8095
26.01932 37.23701 37.97622 37.63732 37.93774 38.66595 41.88084 45.82141 45.82141 45.26072 43.75232 42.26868 41.25874 41.95157 38.97087 35.51524 33.90898 35.54346 38.95301 44.49966 50.17325 53.02641 53.86638 54.26344 54.55574 53.87545 51.6773 45.99247 38.18779 34.86673 30.09809 24.49236 21.36246 17.69829 19.21197 24.6778 31.01772 34.44733 39.04866 44.46734 44.71059 44.17699 42.13674 40.04678 39.6358 39.4789 43.51577 48.2466 48.84003 50.36453 53.3159 57.50018 63.32917 65.10826 63.74938 61.57943 62.25505 61.53292 55.52724 51.04204 45.57551 43.27734 39.20198
24.00173 34.0955 34.91453 36.13111 37.77253 38.23768 40.08041 43.62015 44.91505 45.21136 44.50136 45.00257 45.57551 45.27762 42.43097 40.26269 39.81198 41.17101 42.79386 45.0848 48.84003 51.55866 52.05045 51.90421 51.41471 50.1537 45.81013 38.24162 33.96659 33.12032 27.20392 20.77414 22.43362 25.75382 29.55438 32.97557 34.81124 35.43872 41.32405 47.29995 45.89209 44.79859 43.98497 44.21767 46.33474 45.57539 44.15355 44.89607 43.04016 43.12851 49.00406 55.49983 58.85019 57.45118 52.83311 50.67944 59.51607 62.89096 61.70647 58.03662 50.73745 45.38769 46.46276
23.51989 32.40324 31.23834 31.87254 34.55369 36.00137 37.27095 40.06063 42.21525 43.84781 44.36205 46.04338 46.89049 45.18954 42.52405 42.42137 43.59108 44.40759 44.62992 45.70426 46.84567 46.96877 46.43996 43.0439 35.94214 29.08842 24.83968 25.54357 28.1842 32.67217 29.53221 27.32423 31.11818 33.82424 35.34438 37.46232 37.95559 36.85863 41.47109 46.19918 44.0689 43.55111 43.38692 45.59566 49.09713 50.02695 49.62231 47.9746 46.90214 48.76497 52.63146 53.98536 50.40177 44.09369 45.7998 53.02264 58.17332 54.10641 51.24649 49.9158 46.89687 48.36633 50.27377
24.93559 34.44209 32.92776 30.56462 30.63487 32.60256 34.67879 37.06029 39.18141 41.38458 42.36804 43.7312 44.40759 43.96012 43.76643 44.97841 45.48525 43.88969 41.46997 39.79862 36.43737 32.30806 29.16385 24.35048 18.01862 13.35265 21.22185 29.4206 33.68376 37.31504 36.46711 36.39234 38.41 39.98564 41.82164 43.65593 42.60856 40.31654 41.56426 42.44849 42.43561 44.39776 41.94847 42.47527 43.75232 44.67565 48.83146 52.44346 53.26403 51.96672 53.0746 52.8546 49.57979 50.42989 56.45609 58.35339 54.90238 48.06783 38.44346 34.95494 42.88398 45.52361 32.65633
27.82443 38.45356 38.93833 35.73713 31.41681 31.02786 33.32561 35.47831 37.25797 39.39043 40.47169 41.03204 41.72204 43.4566 44.79859 44.69608 42.58722 38.8545 34.80026 30.01605 21.27185 11.71813 6.155504 13.53576 24.24498 33.52098 38.36475 39.90887 40.76748 41.84971 41.48147 42.24032 43.91845 45.8623 47.32521 47.49672 45.84134 45.11702 45.51427 43.31594 43.37962 45.56391 40.52124 35.62969 35.90937 35.9269 38.24477 45.31408 49.76815 52.26107 55.05623 54.41626 53.23182 56.86817 58.67694 52.66269 50.0266 51.3427 49.56618 49.65977 46.75126 35.96009 26.78015
29.53524 39.35838 41.44215 41.62368 37.45053 33.9594 33.11464 34.3681 36.28942 37.86392 38.77117 39.59054 40.5158 41.95637 41.70255 38.64045 33.51438 28.75507 22.12192 12.91101 8.231552 13.81676 24.50972 33.1333 38.85677 42.5795 42.96907 42.50035 44.55372 47.79279 49.88865 51.78385 51.60856 49.04726 47.73532 49.07348 49.59023 49.77951 49.62617 48.14588 47.6378 46.93462 38.75975 26.33208 34.29604 43.64226 43.86088 45.05139 44.50631 48.32175 53.31322 52.16003 52.26194 55.21107 53.71973 48.32799 48.98099 46.22019 36.58289 35.78495 31.45874 33.42783 36.89895
28.50987 36.92057 39.37762 42.50035 41.05455 37.54276 34.05444 34.10263 36.16186 37.02972 37.48092 38.64582 38.09627 35.47457 28.90515 20.59223 14.65127 14.99845 17.21286 22.19079 27.29885 32.16655 36.41002 39.23102 40.75811 41.55838 41.33131 42.48124 47.84703 53.41285 55.45443 55.88318 54.20155 51.66629 51.41245 51.99492 50.82475 50.5778 50.71454 50.35673 51.58779 53.32973 49.50692 40.59705 40.97223 51.2457 50.44169 49.01543 45.59386 46.91422 50.50422 48.12149 48.89335 50.32191 47.78074 47.00098 46.93144 31.77189 6.599928 4.849525 9.56258 12.69954 15.04129
26.98262 34.27186 35.86008 39.2079 39.95939 39.1441 36.08768 34.50407 34.6192 34.60118 35.09738 36.74981 33.58944 22.30402 12.01613 14.62513 24.69361 34.81124 37.00399 35.09378 33.93447 34.20949 35.16431 37.36276 39.23933 40.82159 42.55351 44.8749 49.14217 52.2418 50.54541 48.46825 47.38654 49.28476 52.22873 51.41588 49.65816 50.23299 50.53111 50.62432 53.22515 56.4942 55.38989 55.12085 55.86859 58.44832 54.62063 53.19062 52.70257 51.83278 53.11029 50.15965 47.80904 47.96251 46.14813 44.20997 37.35444 5.647601 12.06237 8.42829 4.266502 7.631308 7.728384
25.45422 32.90668 33.85012 36.17083 37.66021 38.50243 36.06648 32.82484 30.50864 29.16591 25.63029 18.78623 13.34362 19.96525 24.01446 27.70399 32.38374 33.22947 30.64964 26.63175 27.84156 30.9537 33.83226 37.3956 39.17325 40.57369 42.29002 43.92007 45.47395 45.661 43.13509 41.97615 42.88427 44.79005 45.72579 46.52431 48.99578 50.67282 49.45903 48.12008 50.1562 52.44691 50.01189 54.15055 59.33028 59.4701 56.41968 57.53339 57.71157 57.97306 57.84953 45.09093 18.8708 41.92664 48.41714 40.45377 43.02102 48.05945 45.92606 40.11257 24.04692 15.17241 14.70876
23.30813 31.7434 33.92984 36.54373 38.41136 38.92854 35.8941 32.07691 28.64871 24.23337 16.44742 10.22443 21.07255 28.46189 28.03513 27.32845 26.53691 23.94129 23.83686 23.60516 27.1481 31.34168 34.27488 36.48932 36.48119 36.53431 38.566 41.25096 41.3955 40.00939 40.21906 41.22371 41.4327 41.85329 41.12613 41.98233 45.27774 47.48946 45.83909 43.88263 46.60524 49.48871 47.98689 50.05302 54.28687 56.24427 58.79243 60.92942 59.47377 57.18494 45.99797 20.07675 40.2253 52.34703 60.84688 54.53483 52.85731 50.70125 45.19165 45.17713 33.67252 20.39624 13.79649
21.24659 29.8022 32.09706 34.94503 37.97081 39.54659 37.10074 33.38106 29.75983 24.44108 20.83025 21.19425 24.12709 27.00536 26.40051 24.86069 23.88868 23.38671 25.27011 28.11917 28.59651 27.39706 28.42204 29.44731 30.24262 31.97606 35.79941 39.41821 37.54688 34.94744 36.41178 37.84213 38.61355 39.82799 41.2099 42.51779 42.93303 43.77629 41.92059 43.02332 48.59553 50.8223 49.18715 47.99541 48.85964 51.71546 55.17603 56.34346 48.71921 25.65073 18.41301 43.02332 42.96777 23.32044 51.59949 50.00674 42.76604 34.62586 29.16007 37.48836 35.65193 34.00763 27.09287
21.84823 29.33104 30.28281 30.07827 31.34168 34.13214 32.58832 28.85901 27.64984 27.90399 26.34921 25.72377 25.45422 25.22867 23.99608 22.58021 22.44818 22.31661 25.6469 29.20641 25.56369 20.68812 22.59052 24.66469 28.11734 31.63309 34.66306 37.71138 35.8427 33.39463 33.98199 35.10217 37.97462 40.36814 43.10777 45.36234 45.36847 45.63793 43.85938 43.39016 44.77613 44.36205 42.04552 39.6367 40.61684 43.42902 43.47644 38.48247 20.02384 41.17752 46.77767 45.62362 36.32587 19.28386 37.61358 42.91389 41.34082 40.54486 37.91846 37.6185 31.80502 31.0668 30.9537
20.97277 27.80653 27.82778 26.13375 24.88391 26.57998 26.39441 26.90714 28.19623 29.9549 29.20435 28.10416 26.23794 24.69948 24.50424 23.68613 23.85542 24.0751 26.86097 29.79526 24.10135 17.95977 21.38976 24.24173 27.69197 31.225 33.16137 35.49562 36.01202 36.23392 36.51677 36.58158 39.27291 41.68555 44.7448 47.44654 47.81161 48.24471 46.36491 44.47295 42.37315 39.51378 35.93304 32.03537 33.47023 35.55371 34.24992 39.91011 50.46122 52.34855 49.56213 47.20194 41.51305 35.47457 38.54129 41.98388 43.11406 44.55268 45.56705 43.85612 31.94443 25.74747 30.05777
17.91758 22.73106 23.28892 24.50424 25.68687 25.7893 24.38227 26.56429 28.94733 31.63013 33.48373 33.498 29.90208 26.70652 26.54174 26.32963 26.73362 26.78015 27.11973 28.47802 25.49681 21.33008 24.02058 26.7575 27.89026 29.73263 31.36877 33.077 34.68494 36.47063 37.88568 38.37705 40.40057 42.52896 46.10551 49.16747 49.28697 49.70444 47.19076 45.58118 46.44234 44.86437 40.71939 40.4768 41.98388 45.36074 49.66917 52.48334 53.46315 51.96112 50.38697 49.30574 48.21511 46.66616 46.49855 46.94415 46.7406 46.75126 48.02701 47.42721 39.46051 29.43683 23.98476
12.71652 17.79665 21.64371 25.10592 28.3211 29.28437 26.28712 26.15852 29.51406 32.37921 35.47457 37.01165 32.2463 27.66302 26.98223 27.24181 30.63487 32.14791 27.26843 25.00349 27.18534 26.60167 28.52809 30.99682 29.95851 30.11659 32.36251 33.90717 35.27676 36.71734 38.25578 39.17622 40.47851 42.11058 46.35441 50.18512 50.48635 50.9812 48.81105 47.16136 49.30564 49.63451 49.12876 51.71157 52.28118 53.2079 55.02512 53.9724 51.26111 49.57051 49.14888 49.85925 50.54073 50.32285 50.02207 48.85336 47.05421 43.57582 44.03143 47.77301 44.77971 32.46385 18.37488
6.258343 13.05497 18.33117 23.78964 28.25588 32.44893 30.77543 27.97024 29.53927 31.16056 35.33353 38.95809 34.51823 29.508 26.18119 24.99994 32.28759 37.37503 31.66472 27.07649 29.14116 30.37505 32.74094 35.27676 33.4119 32.13385 33.81284 34.88324 35.78495 36.821 38.12525 39.32903 40.24954 41.19006 44.45115 48.37392 50.28025 51.8943 51.41354 51.1759 53.67958 55.8827 56.14466 55.84834 54.85689 53.00873 51.70296 49.45957 45.61928 44.81045 46.71534 48.74225 48.54588 48.23864 49.24935 47.80102 44.16074 40.84558 40.24054 46.17455 49.7803 37.02526 21.13833
5.675234 11.59183 14.36987 19.87877 24.85131 29.23996 29.12704 27.54404 29.00121 31.03614 36.13493 40.48771 38.27995 34.93196 28.13381 23.85019 31.52382 38.80482 37.60231 34.80758 34.20823 33.77469 34.86382 37.01165 35.30896 32.73956 32.58832 33.26569 35.14354 36.98504 38.566 39.86263 40.73868 41.50795 42.14896 43.73353 45.70726 48.2174 49.39626 50.59946 52.11584 52.12027 51.25329 50.21456 48.49467 47.95732 48.03996 47.285 44.85014 43.6189 43.95188 43.05627 39.49853 38.03616 42.49319 49.7163 49.41552 46.76081 41.26004 41.67152 47.15327 40.03468 13.63702
14.99845 19.49999 15.99476 16.6974 22.50061 26.60769 27.1481 27.34803 28.48411 30.66502 36.66352 41.65512 43.11964 43.03095 36.34806 30.19265 32.82319 38.14111 39.89454 38.99059 37.92007 36.46909 35.6429 36.31543 35.1249 32.89819 30.82865 30.61191 34.27892 37.58406 40.56149 42.20932 42.46764 43.02519 41.73225 41.20096 41.88473 44.18099 46.56117 48.17994 49.41269 49.46248 50.66388 50.27377 46.55498 45.24218 45.58698 46.62587 47.32447 45.92571 41.72849 34.3681 26.61411 24.46628 31.5628 42.30892 43.96229 47.61373 45.50857 44.83718 40.82243 41.21981 9.750746
18.30927 24.50972 21.47413 19.50757 23.3455 27.10377 28.16888 28.75366 29.28437 30.76233 36.19234 41.33179 45.01991 47.3702 43.23339 38.06186 36.65352 37.27576 37.86695 37.3534 37.47452 37.50362 36.41509 36.01654 35.715 35.13757 31.64817 29.89813 33.72655 37.83163 43.11807 45.93701 44.48925 44.43547 43.91723 43.43014 42.96141 43.20198 44.31347 44.63547 45.74155 46.91696 50.24685 51.87634 49.49451 46.98166 46.70376 47.55267 47.265 44.92112 38.86245 30.0379 21.62837 20.62212 41.61798 45.35191 42.94071 48.15761 46.48452 43.88263 41.28254 39.37616 9.065354
11.39587 18.92669 23.50336 25.96974 27.35493 28.51523 28.55948 28.53666 27.73961 28.3547 32.37242 36.3899 41.16889 45.12637 42.39676 38.82001 37.1666 35.55534 34.80538 34.55666 36.20107 38.11176 37.83163 37.52403 37.79179 37.87178 33.69316 30.55798 32.40747 34.87742 42.14728 47.84242 45.08706 44.61637 47.1745 47.71836 45.97498 43.8286 42.5927 41.91563 42.16423 42.79854 46.43382 49.36344 49.79413 47.84888 45.53391 43.48594 39.69206 35.18911 29.93622 23.99466 23.11545 33.60913 43.67426 42.6752 40.60669 46.09993 46.8862 43.72969 45.28748 31.94007 16.58153
11.49253 20.54288 25.03313 27.20934 28.64906 29.22182 28.2399 27.8069 25.27752 23.39014 25.47402 28.56982 34.96846 40.50032 38.46346 35.40279 34.16338 33.17539 32.90476 33.02405 35.41806 38.09667 38.70174 38.80482 39.06697 39.18364 34.28168 29.37079 28.7878 28.91771 38.29899 46.80513 43.78449 42.52896 46.4818 48.54948 47.52016 45.67551 43.64433 42.41612 41.26635 40.61008 43.32045 45.01074 44.85726 41.88768 35.14426 29.786 24.6484 19.78498 19.39868 22.66505 35.97031 45.59566 46.0139 44.48286 43.03527 45.57539 47.94837 46.29039 43.57901 20.38197 12.87656
22.50061 28.70992 26.59002 25.96306 29.2492 30.78011 28.20498 28.07298 26.05921 22.38828 20.42295 21.07028 28.89816 35.84476 35.67992 33.71013 31.56398 30.53175 30.90522 30.78634 32.75256 35.20791 36.39764 37.28747 38.09528 39.00916 35.0405 29.76348 27.27883 26.47229 35.80606 44.38923 41.82398 39.36883 42.5927 45.96465 47.06366 47.14151 45.5116 44.22099 43.07106 40.33032 38.55404 36.75413 33.81491 30.90955 26.60729 24.15232 23.67796 26.06751 36.41818 45.65547 50.24771 51.37273 49.56321 48.16472 45.21335 44.18019 45.74764 44.97841 38.68433 17.22692 8.137332
24.75984 28.91875 28.282 28.98905 32.85208 36.80162 33.07619 31.04933 30.43625 28.01156 22.35641 18.51128 24.37076 30.74142 33.38345 34.19608 30.78384 27.90696 28.09646 28.37742 30.31073 32.5433 34.44409 35.81729 36.4902 37.70528 35.86374 32.63183 29.38232 27.2638 33.99763 41.53168 40.93785 38.86907 40.27254 42.77981 44.8735 46.41552 45.21025 42.21297 39.05053 36.20107 35.82508 35.49281 33.30825 32.69522 32.28162 32.73928 34.85871 38.78506 44.98861 48.17123 47.41187 46.39867 45.53185 45.46725 44.35982 46.05727 47.06236 43.96864 35.52107 15.55703 16.28741
22.91938 24.30059 17.06092 14.13551 18.818 28.9901 34.8446 36.01564 35.7737 34.96267 30.06428 24.23801 24.56306 27.4448 32.39278 35.82141 32.45738 28.3211 25.59105 24.8034 28.41198 31.71987 35.1249 36.93938 35.84545 35.6422 34.49786 33.13005 30.79506 28.23263 32.01225 37.61174 39.00241 38.09528 37.93694 38.64812 40.41427 42.10552 42.05935 39.91064 34.79636 31.01158 35.03305 38.88948 37.36671 35.94305 35.6977 36.85863 39.57753 39.1649 39.90091 41.99468 41.17426 40.58859 39.83083 40.27254 39.1203 40.98939 37.94837 27.44366 23.59356 26.33861 42.97832
