input_sf/tdp_slope.txt
ncols         375
nrows         254
xllcorner     -73.15875
yllcorner     -51.070992819073
cellsize      0.00083232081000002
NODATA_value  -9999
[rows 0 to 27 of 254, columns 0 to 62 of 375]
17.33967 38.92891 46.80956 48.92358 37.93292 27.86797 21.03671 11.37667 15.48052 17.01967 24.89105 27.15431 29.17416 35.81523 32.33956 30.12924 29.91489 31.94937 32.31118 33.02187 34.11867 32.57044 36.05542 41.94058 41.48961 38.5326 36.27406 32.58497 34.1512 32.05558 29.50598 27.7471 19.61878 21.09129 21.91347 20.85794 22.88503 22.66505 22.96624 23.533 31.48414 28.87125 26.46257 23.12342 21.79681 25.0433 26.54013 27.43755 16.61562 13.15336 15.68799 16.7955 14.07148 26.16965 29.58355 28.9034 33.93987 32.05355 33.4119 33.49986 35.89204 13.21036 0
21.28195 42.26989 50.51453 53.26336 49.29442 42.0994 34.86673 25.59105 15.97285 21.21791 34.77511 40.55063 43.33527 47.15456 48.9491 49.11571 48.45954 47.13027 46.17038 46.7678 46.17999 45.35817 46.46322 49.20569 49.43383 49.35465 47.93208 47.2304 47.1731 45.79409 43.40546 43.41051 43.03829 40.52855 37.55017 34.8519 33.12032 31.37628 32.99547 41.67436 46.60165 47.07267 46.93659 44.40523 41.85329 40.81709 40.4389 38.76432 32.09764 28.45077 28.94663 23.46051 11.62355 26.19107 30.92933 32.77052 34.54973 37.42133 40.12147 40.90755 44.85192 31.41681 4.91093
27.40662 44.25745 44.00923 43.03829 45.24317 39.49471 34.7712 34.70557 26.9787 20.26554 22.3961 33.42358 39.62013 42.48124 45.13385 48.08305 50.15543 49.51254 44.38005 41.14361 38.32721 37.53453 42.01842 44.56397 38.22133 33.00636 36.51392 40.73063 40.34426 42.01935 45.65343 47.24648 44.61895 40.13891 36.00726 33.20527 30.23296 28.39723 31.21589 40.75125 43.69891 46.90368 47.90586 45.89351 45.77815 43.53693 40.07779 36.59337 31.81761 29.30551 28.30373 29.51776 25.86046 26.26992 31.63545 31.41681 26.49453 26.73362 31.30398 31.4698 41.31098 41.60596 19.28386
45.81963 52.76872 48.39697 40.40468 39.32003 36.68676 28.59545 34.01659 32.07518 28.19623 23.13736 23.04953 30.37888 35.55371 39.24654 42.27988 46.46084 51.59718 50.21833 46.02689 44.16941 42.84657 48.41911 53.11763 54.4369 53.78027 53.2261 52.55019 51.91201 50.29245 49.48399 44.20931 37.60846 40.00024 44.12992 44.68028 44.21104 44.29724 44.20771 46.24232 46.69217 46.25901 44.80815 44.01529 44.73571 42.84423 39.08228 33.62015 29.54598 27.9791 28.11441 33.36642 35.4865 31.52947 35.9778 31.27377 24.81774 22.76881 23.65919 23.5092 32.14333 41.79899 32.23375
48.02003 56.89873 53.42028 50.20555 46.35086 41.6679 34.52865 36.07911 35.65957 26.04219 24.14112 22.92746 23.02249 27.09793 31.98446 36.77444 41.64454 47.69267 50.81395 49.66246 50.8232 51.51228 50.57146 50.67621 54.95368 56.04447 52.74021 50.6652 51.51909 50.1198 48.87997 46.64435 42.49617 38.25401 38.79418 42.01596 47.2513 51.23232 52.5013 52.80699 50.08459 45.3126 44.61792 44.76028 41.96781 38.36397 36.1111 32.58497 28.39291 25.43655 23.86731 25.67795 30.87984 29.43007 33.09976 28.1243 24.50972 23.71639 24.70309 22.62963 21.4852 33.71587 36.30655
57.92379 60.25482 53.50554 54.35983 56.83394 54.00084 45.10442 36.9304 31.40392 19.02609 24.48413 31.14014 32.31118 33.54234 35.17361 41.98249 47.22267 47.9622 48.43718 50.55577 53.56043 55.29341 53.76057 50.88423 49.5878 47.88799 46.7872 46.39867 47.00807 49.3854 50.48417 50.5337 50.36131 44.65866 40.05362 40.08741 42.6238 44.05749 45.43741 46.93988 44.50214 43.07809 43.51062 39.12793 32.39476 29.23004 28.94733 28.0458 25.44689 23.90149 23.34403 24.60307 29.95588 34.337 33.9943 31.05179 28.72828 29.99122 31.91885 29.34634 23.2257 23.91809 32.61874
58.12368 62.27055 58.39164 56.36776 52.88506 50.50355 45.85283 39.7193 35.09378 29.63473 35.66396 42.68287 41.20746 39.53174 41.05455 46.43382 45.79825 44.82776 46.55904 50.21765 53.07132 54.04318 53.92351 53.5968 53.82174 54.57409 55.25364 55.11397 55.12463 55.62643 53.54758 51.54631 53.79351 55.42193 55.39062 54.1141 51.04091 47.48545 46.34846 44.94979 42.81973 42.2714 39.08918 31.84305 26.21781 23.64715 23.54707 24.67193 26.72287 30.22007 32.49337 33.19155 33.53127 34.35055 35.58536 37.2676 36.28742 37.84274 37.47886 32.37355 28.7371 25.32187 22.95416
38.88948 52.81285 56.82346 54.84545 49.56862 47.67118 50.49424 51.77475 50.19268 48.13434 47.62186 46.74371 43.1799 40.52532 42.46391 45.25047 40.08041 40.16538 44.31373 47.90617 49.94035 51.0282 51.55194 51.83678 52.28234 53.21451 54.40645 54.69873 54.29549 53.99421 53.47107 53.79113 54.88648 55.63646 55.85409 55.67257 54.95036 53.95822 51.95731 47.80287 44.43547 41.08456 34.15755 27.72799 26.28671 24.90888 22.24303 23.11196 26.21781 28.41521 30.9537 31.91478 29.6394 28.59651 30.24906 31.22045 30.05907 30.81373 28.51809 26.31002 27.66866 26.87242 20.76022
40.45291 49.72102 52.51317 53.97607 53.56043 53.052 53.9197 54.38875 54.01793 53.44001 50.81706 48.61036 46.04338 41.03944 40.81493 40.69033 34.81197 36.01451 40.81092 42.30167 42.6836 44.51073 46.44405 47.62113 48.26173 48.70065 48.78937 48.42058 47.75599 46.86341 47.34831 50.08503 52.14267 52.44669 52.63245 52.8987 52.00378 50.72377 48.22309 43.24914 38.64447 34.49587 29.29699 24.55077 22.06661 22.09322 23.57033 27.12284 29.95228 30.06981 30.43625 31.12825 29.88992 27.22674 22.24724 18.21098 21.42479 22.48558 21.14681 18.41301 15.33805 12.95159 11.53521
43.589 52.03063 51.76595 53.18379 54.1106 54.19633 54.21203 54.1314 53.75819 53.22098 52.16179 50.67952 47.18678 42.15263 39.76562 35.62158 29.51372 29.20812 32.37355 32.1238 31.27498 31.8524 33.38319 35.6334 37.41739 37.7492 36.46469 35.70116 35.55651 34.64262 35.53017 38.81811 42.45657 44.82776 45.60193 46.04898 45.96888 44.75824 42.57015 40.3205 36.85089 35.71039 36.95284 37.04989 36.24307 37.70914 40.20587 41.17101 40.00623 38.86245 36.99207 33.98918 32.74841 31.90285 29.15491 24.55532 21.65903 19.21776 15.70789 10.47364 4.875938 2.212278 2.682154
36.06897 44.11376 42.90127 43.90204 45.79635 48.19953 50.24642 51.07904 50.78848 50.51361 50.52467 49.11123 46.80491 45.14331 42.63283 36.8154 30.6713 24.17799 16.64113 12.26529 10.75879 11.72743 12.68254 14.27648 16.08927 15.84637 14.13551 13.2134 12.8682 12.52831 13.66831 13.99478 16.41055 21.44976 23.49996 24.14952 25.65541 25.63541 26.36185 30.43625 31.47787 30.19265 29.60866 31.18399 33.59049 35.16026 34.15348 31.62213 28.94663 27.48251 25.84196 23.64715 23.35974 24.4071 25.82976 25.14811 17.6014 12.48401 13.90323 7.527309 0.7591379 0.1697578 0.3395127
29.73263 37.75245 35.7877 34.9588 35.14522 36.83714 38.8312 39.99215 40.66154 41.04141 41.04864 40.53688 38.86585 35.718 33.09001 29.30551 22.80392 13.18596 5.525359 4.718225 3.842915 10.84527 11.99237 6.265137 3.956746 0.6790015 4.724275 8.107976 6.528751 3.659594 6.727343 5.450142 0 1.835589 2.282656 0.8487296 1.671451 3.412281 5.634994 10.1308 12.69104 9.333179 5.301803 5.525359 8.156268 7.435062 5.872192 4.684815 5.288351 5.762254 5.509883 6.363923 6.155504 5.457973 6.235641 9.182892 12.29727 11.62941 9.729399 5.315219 5.301803 2.205768 0.1697578
24.06571 32.31686 30.53523 28.08949 24.9729 20.75152 15.16549 11.79688 12.88388 15.26536 16.26518 15.3993 12.21325 8.204261 6.767172 6.276444 5.025777 5.003023 5.747433 5.781956 5.647601 13.4346 10.76007 1.978918 4.820004 3.186181 7.929432 6.810914 9.791874 9.023752 12.31488 13.3797 8.51583 4.074385 3.733247 2.740438 2.470187 0.8487296 2.307714 1.518009 2.212278 4.209121 4.576858 2.411295 1.325618 0.8487296 0.3395127 0.4801378 0.3395127 0.3395127 0.6120491 0.5368073 0.1697578 2.126089 3.91308 6.819212 5.862506 5.000171 8.414993 11.71813 13.65365 12.24428 5.315219
19.4981 23.40825 15.27822 4.88763 9.865159 16.55357 18.88923 17.25132 13.93955 11.21809 8.474657 7.330073 7.491681 7.213719 9.157081 17.5841 26.40904 32.40098 34.42038 31.13801 25.02208 23.60516 20.49278 22.03514 23.22174 21.60863 15.64393 8.753781 8.542071 8.061119 9.111341 12.9308 15.26536 15.48052 9.982316 5.543358 6.109225 3.651754 3.956746 6.691497 8.356554 11.2607 11.91506 6.785954 3.113281 6.983037 8.137332 5.073784 3.239771 2.649819 3.433229 6.666074 11.11139 16.46152 19.91809 21.56851 22.50216 21.7327 20.24154 17.99903 17.6589 20.40812 17.01892
2.655236 8.859986 11.51626 18.5376 22.89312 25.63583 26.66578 26.45447 25.86256 26.85267 27.38482 25.80828 28.93165 41.43783 51.36058 56.00106 57.39435 56.23929 53.28912 49.66962 44.94614 42.93028 40.78888 38.99191 38.04992 37.32839 32.0962 23.23708 16.32225 13.46345 13.2063 15.09268 18.8708 22.12192 23.09002 22.17069 23.22125 23.77387 23.06004 24.06242 26.80832 30.40185 33.01589 34.84339 35.0405 36.39853 35.96282 33.24316 28.53273 23.39406 23.41852 28.26568 29.1642 27.67618 26.98262 26.11059 24.81057 23.17167 21.96504 20.68171 18.33117 19.43676 22.3841
21.30771 28.26604 28.74803 29.18755 28.67775 30.66753 34.37311 38.67782 43.94403 50.52902 56.13686 60.19204 63.22657 65.35972 65.31925 62.92914 58.37313 52.10455 46.26626 45.16458 44.22258 44.84595 47.59264 47.12119 45.60193 45.97839 45.17377 43.10791 40.35423 37.19333 35.25756 35.94191 36.54285 37.40577 40.58961 42.80263 43.57943 43.21904 42.081 43.12365 46.15474 47.40043 48.31532 51.51228 52.32137 51.00984 50.57204 49.61288 46.7466 44.0957 41.64817 39.4738 35.72054 31.26045 28.69119 25.53585 22.8425 20.14639 16.39404 13.2509 11.61181 14.98706 18.12449
26.02099 34.11485 35.39574 36.63741 38.53357 42.78757 47.69049 52.04837 55.75066 58.67765 61.22783 63.94763 64.93314 62.53223 57.09714 51.18822 45.74919 43.12608 42.00856 44.09047 46.9197 46.08025 46.44586 49.25406 51.2649 54.20899 58.57302 61.91969 62.69761 59.61012 54.03173 51.50438 51.75593 53.47364 55.05445 55.59673 56.68303 57.23037 55.40735 53.61168 54.08857 53.00674 52.0789 53.52481 53.50784 52.83687 53.18676 52.33993 50.38283 49.82987 47.35427 42.35705 38.94736 35.95487 31.21923 27.04214 25.84364 25.76819 24.53208 18.66378 11.92076 14.00332 13.4346
27.64381 35.70116 37.14383 39.30918 42.55262 47.10691 50.65551 53.15001 54.54694 54.19503 52.8926 51.57231 49.42654 47.9026 46.75881 46.41085 45.0549 45.63035 46.3858 46.6533 47.50397 48.36386 48.71344 51.23232 53.68399 55.49356 57.93037 60.5412 62.12934 62.20953 59.56733 58.17224 57.25515 56.65437 57.84008 60.56786 62.88572 64.09221 65.31667 66.64535 65.92224 64.19651 65.50603 67.83135 68.22862 65.54152 61.51506 59.4624 57.64681 55.51014 53.33834 50.61069 47.43482 43.60617 39.95022 38.48247 37.35839 35.2179 34.98874 33.077 28.02151 26.76148 26.59926
29.67442 40.38239 44.46825 47.55917 49.31429 49.60785 48.80389 48.8526 49.64437 50.43638 50.11574 47.7022 43.88086 40.83293 40.19545 43.96553 46.24969 47.65185 47.99135 48.52395 49.03422 50.59071 51.24269 51.19965 51.01709 50.30787 48.66605 48.51576 52.0993 59.66552 63.71189 64.66325 63.47146 61.91695 63.30899 65.73786 67.52438 69.48858 72.57856 73.93398 72.36067 70.57156 71.15345 70.3512 68.59339 66.17654 63.42898 62.41579 61.78265 59.7415 56.42259 53.17223 50.55477 47.69049 46.62072 46.14663 44.86119 43.77629 44.68143 46.14813 44.94639 44.14314 43.7589
28.81274 39.42588 43.06776 46.78022 48.23515 46.89313 45.57539 45.68618 46.05704 46.02222 44.02955 39.67896 34.25396 29.67942 29.73329 36.71019 43.64433 47.7166 49.34512 50.82516 51.78756 51.61448 51.13446 51.02957 50.51931 50.43191 50.19396 49.54074 50.62573 55.56044 59.79926 61.36135 62.14932 64.15256 67.00821 67.11411 66.33516 67.61842 70.45094 69.9129 68.71291 64.35764 61.07661 57.57536 57.58569 58.41542 58.6528 57.57365 57.46164 59.00796 58.51067 54.80822 51.02305 47.4904 47.60235 47.35714 44.91505 44.44815 47.13373 49.98791 48.89753 46.06287 43.55584
29.07496 36.8758 38.22133 43.40083 45.11939 45.61338 47.05943 47.3073 45.86135 42.6093 39.66351 38.9996 40.47288 43.81932 46.02993 46.72102 48.34233 50.81166 52.12912 51.27035 49.81997 50.34969 51.22876 50.79208 49.71523 49.59788 49.50855 48.38575 47.04378 46.35086 46.66616 48.55396 52.85133 57.51054 58.50314 56.266 56.1039 57.40891 58.14529 54.1354 62.12339 63.16463 57.66659 51.92603 54.04884 55.13975 54.76343 55.04504 54.14675 53.56325 55.27035 55.41478 53.38729 48.66567 49.15455 51.13055 49.12904 42.55752 38.243 41.35112 44.51528 44.63186 44.35416
35.4865 45.62951 47.02398 48.12711 46.32238 46.63327 48.7387 48.15992 46.71935 45.3126 45.47662 47.48377 50.46088 52.47274 52.84042 51.35745 49.30316 48.23425 48.12741 49.12382 49.92817 50.55117 50.65435 49.82943 48.74916 48.37155 48.68678 49.556 50.60711 51.50128 51.85126 51.61448 52.37025 52.95938 50.19912 48.63408 51.32895 52.0911 49.4473 43.90204 51.90113 59.1082 58.63749 52.76256 49.42181 49.0465 48.2816 48.11204 45.65919 40.8707 42.15583 47.30773 49.66917 43.65468 41.43591 45.27515 49.53026 46.88312 39.83706 37.80818 42.07747 43.30025 45.00873
42.081 50.87454 50.02033 47.1942 44.39776 44.71328 45.30473 45.12487 46.03274 46.79882 47.73584 49.20421 50.19542 48.17363 46.19247 46.27097 45.54638 44.75223 45.30042 47.09999 48.90141 50.15758 51.09186 51.90939 52.68448 53.51889 53.79498 52.96517 52.45775 53.55362 54.23717 53.6434 53.34094 54.55803 55.11052 54.35175 51.83339 47.23501 43.15794 37.08889 31.76338 33.33923 38.35831 41.39871 41.22549 38.56195 37.8736 38.99059 37.97802 35.90755 36.28341 39.98212 43.12151 45.23303 44.81656 42.91172 47.09933 50.01903 47.26468 41.41876 40.21004 40.12357 40.66946
43.65261 50.81117 48.6155 45.99692 44.42186 45.71682 45.84572 46.22227 46.98166 47.08753 47.24005 47.62321 48.09433 48.52902 48.77215 49.76327 50.91958 50.49751 49.77649 49.63335 49.76992 50.37673 51.27919 52.33529 53.40422 54.4229 54.64103 53.66842 52.465 52.15231 51.99871 52.2803 52.5753 53.58406 52.51502 49.96546 46.7012 41.71309 35.28861 26.38465 21.4159 24.84281 25.23348 33.0553 37.26886 29.22456 28.07629 36.11694 38.03716 34.67093 34.75629 39.18364 42.14484 47.16782 49.51443 49.40512 48.96798 49.39444 48.96374 47.15036 44.7448 42.80585 43.70702
41.6679 49.543 49.64195 49.52936 47.11427 47.07755 46.85725 46.43655 46.31413 47.00022 48.71796 49.24011 48.84156 49.19744 51.05393 52.52188 54.03582 55.15702 55.07495 53.95822 52.47216 51.85187 51.52876 51.07672 51.01669 51.8591 52.63245 53.67076 54.12685 51.60933 47.04367 45.30952 46.42473 47.09056 43.96999 41.66806 40.30189 39.15191 34.57745 21.04525 13.79263 25.13889 27.76507 27.4219 32.31488 28.7674 21.99933 23.68517 27.86946 24.71166 30.26964 39.49544 45.13123 46.50081 46.26408 46.25729 46.5172 48.42146 48.51625 48.50737 48.77904 46.7406 47.63738
43.4049 51.30937 50.51529 49.65306 49.1172 48.66364 47.03965 45.88441 46.0401 46.54191 48.19913 48.39737 47.1971 46.34435 47.67949 49.35465 50.71775 52.66558 53.88839 53.53682 52.2037 51.7041 51.30591 50.32259 49.09069 48.73736 50.95047 54.81134 56.78469 56.5707 54.83911 52.04844 49.61639 48.38052 46.8027 43.78053 37.6645 30.87581 25.50368 25.02208 26.79087 31.18673 27.64343 20.22352 23.26129 29.30074 27.41923 26.80079 28.85901 27.91845 31.49847 37.64611 41.27817 41.36094 39.50743 38.45745 40.29309 45.2266 47.24733 45.18805 45.30731 45.74358 45.58517
39.34371 50.18872 51.08377 49.57547 49.33072 50.35673 48.54149 44.89721 43.85857 46.01308 47.44813 47.24648 46.79262 46.72336 47.0528 48.01416 48.89222 49.44912 49.64697 48.8794 46.87123 47.63561 48.94976 49.3854 48.19674 45.56427 46.95761 53.20682 57.97717 59.55937 59.85872 59.7655 57.80125 52.88838 45.53185 36.2118 23.20292 15.82914 27.09481 33.23027 34.41438 28.31676 17.63593 14.38828 20.23314 30.50864 38.56445 41.64643 41.40465 41.57045 42.08161 42.12879 39.43901 34.76142 33.23564 35.53227 35.43496 35.72883 40.70226 42.76296 41.59709 41.46342 41.25226
34.54205 44.32678 47.03453 49.21005 49.65306 48.96374 47.32106 46.08572 47.24615 49.44839 49.25415 49.38758 49.76185 49.46257 49.38631 50.24685 50.78815 50.21808 49.38393 48.70353 45.97545 46.94185 49.34503 52.31985 55.34411 56.49471 56.09376 57.60563 56.04172 52.57246 47.285 42.16423 34.52865 18.99086 13.31045 27.49316 33.48796 32.73873 33.47023 32.59865 26.14531 18.67981 12.21325 11.49253 19.84675 30.1477 37.00655 41.92323 44.18911 46.00641 48.16592 46.80159 42.85647 38.7687 35.54416 35.54043 33.96659 27.60231 29.425 35.50613 38.45453 38.00922 37.16744
