input_sf/tdp_slope.txt
ncols         375
nrows         254
xllcorner     -73.15875
yllcorner     -51.070992819073
cellsize      0.00083232081000002
NODATA_value  -9999
[rows 168 to 195 of 254, columns 63 to 125 of 375]
38.07779 25.47101 21.81794 21.61356 26.24737 39.61869 43.78887 32.90476 20.20247 6.591343 0 0 0 0 0 1.866681 5.884277 13.2063 33.13005 44.82713 55.74051 59.22218 34.88349 48.32838 49.07077 54.85531 55.63202 39.55094 31.73664 28.52523 22.75963 29.0279 42.0349 51.07094 48.71142 41.57219 42.2714 43.85938 40.31654 36.99442 33.35869 33.43605 38.40844 42.4434 45.33571 48.66914 50.0774 50.57071 50.30761 50.68473 53.20459 54.6982 49.50502 40.20865 33.82294 29.2297 33.18428 29.68741 25.0119 23.84305 19.41075 14.88938 14.60797
40.00341 34.5871 30.24552 34.81733 34.19329 32.80143 36.89145 43.53693 39.69798 7.260494 0 0 3.898415 10.62633 17.29925 23.18953 30.58166 36.82423 47.84703 54.28028 56.1388 51.7884 5.632469 46.84644 42.67166 56.60129 59.95337 38.77421 25.14811 24.33202 25.87179 34.9075 42.84423 55.14061 53.86779 42.75079 46.13792 45.7973 42.93144 43.29502 42.5431 42.00903 41.23296 37.73945 40.58047 48.92519 50.47409 48.89222 48.93455 49.78101 51.75654 51.88762 46.29073 40.95307 38.13734 34.49115 31.40512 26.74199 25.62816 24.50424 21.21791 20.02567 18.94439
25.01544 31.19737 42.08636 49.32117 50.0057 49.29875 47.52698 51.08858 53.35268 34.71415 23.75138 23.65293 24.02058 29.2533 36.28141 40.51988 45.52834 53.27242 57.46567 56.52404 49.63263 31.52858 19.71052 44.09262 40.82643 51.02893 58.52142 50.62448 37.8282 31.53186 31.77453 40.75058 49.80971 58.25737 53.46777 40.68881 40.70293 36.40913 38.89855 45.00219 47.27441 46.7208 44.05722 41.57188 42.43636 47.83062 47.64956 44.72444 43.76684 40.36076 42.10307 44.63701 43.77629 43.20354 36.67439 28.2791 22.1097 25.181 28.89397 25.62561 24.0088 22.68145 18.58807
28.31061 30.02551 39.64192 41.31324 47.34406 56.45079 58.46606 56.89413 59.59943 54.2788 48.37342 45.72997 39.20586 30.29951 34.41713 41.01559 47.45752 57.36666 59.30666 55.38614 49.97988 43.18646 42.73465 49.30178 49.01092 46.27913 53.15272 53.86051 46.59008 44.72444 43.49277 48.61114 58.06547 60.24286 50.33508 41.17101 41.72581 36.3598 39.94986 42.97196 40.84558 40.57284 41.26846 40.80625 41.44055 47.9337 52.86855 49.53315 43.4049 40.29188 42.07363 42.28382 36.07979 34.25396 31.24258 25.74874 22.01591 26.78174 26.6113 17.95696 19.67065 19.28642 14.93171
36.70304 33.17781 31.82376 30.38271 33.21495 37.51394 50.09766 53.72638 59.53738 60.63311 56.72524 52.58837 46.77767 34.41214 38.03237 47.25601 50.47602 56.8174 57.75059 60.59834 60.2661 53.81039 50.89781 52.43512 54.43671 48.74254 49.83667 54.43306 49.39371 50.44405 60.99163 63.956 64.94785 60.18777 43.64323 34.85433 45.10005 42.23667 38.6174 39.50343 36.68612 36.50865 37.3409 39.82425 44.61792 54.5942 58.04277 50.49046 44.63186 46.931 47.62624 42.96401 32.40324 29.33002 34.40464 37.06665 34.67093 27.96618 17.93236 10.5744 19.1862 22.12829 15.56625
53.64268 52.45323 47.80287 42.28957 39.08228 34.82854 43.08139 50.14819 57.51081 60.60268 59.04395 56.86302 55.72601 51.39721 52.87854 57.47588 53.99951 51.8102 55.38385 52.31963 48.68678 51.02217 53.19007 53.26517 55.47996 50.83824 44.72534 45.76052 50.42246 65.22231 70.50336 67.80161 64.28325 57.83026 46.08444 39.20087 47.60527 44.1919 35.02439 40.77283 41.23345 42.34153 44.95333 47.73326 52.98724 59.58063 58.42597 50.78101 48.36603 47.82846 43.25609 36.27451 33.02405 36.06897 39.31341 39.82639 37.07195 30.84852 25.28057 21.99665 18.54366 22.34804 18.62028
48.74043 49.27509 50.9635 49.61145 47.0218 44.26605 47.78156 51.10698 53.96107 55.86902 56.0736 57.90653 63.04088 66.61875 67.84536 66.62573 58.76807 39.41711 41.00719 46.84291 33.00854 20.77414 47.84457 51.4832 52.76361 51.82501 50.97377 55.87117 64.78997 71.50935 70.88324 64.67718 59.74377 52.93111 49.58942 50.28503 48.07983 41.2125 38.15813 48.54081 48.62015 47.6826 49.37149 50.20916 54.62016 58.34942 54.05594 47.47808 45.35081 42.64465 39.37158 34.42038 28.7674 29.03864 30.08802 31.24258 32.64325 30.82585 28.97168 28.71663 24.92491 22.28091 19.94567
17.9401 21.33399 27.7486 28.11734 26.2904 22.83641 32.23945 40.66997 44.56397 45.63083 45.57539 55.06712 63.74203 66.95446 64.71339 50.76122 28.35686 28.63062 34.10187 52.05579 58.84714 62.27673 65.76985 67.16605 65.89275 65.56453 66.45239 69.17674 71.24982 70.20218 64.76422 59.73267 53.63331 42.45732 36.58682 40.14675 43.92563 47.69516 49.65888 53.81494 51.48716 46.28109 49.51489 52.93436 53.75767 50.98927 43.65593 37.46542 35.40937 36.00998 35.93031 36.81992 31.15508 21.64809 17.73044 20.38197 28.34098 33.16703 30.11659 25.45206 25.04728 25.00615 20.12704
28.88104 31.41861 25.25268 17.57256 14.00332 13.14417 15.03693 11.74599 23.99089 33.21952 30.92933 46.82315 38.57583 20.49337 21.29427 45.67179 52.0931 51.46736 50.98564 57.09565 63.78643 69.7916 72.61041 72.43527 71.58845 71.72629 71.22888 70.19511 66.66933 60.09211 54.18385 54.68291 52.85765 43.53957 30.78789 27.41121 44.44292 54.93359 54.63948 51.98657 47.88134 46.07827 52.69659 51.44612 46.81165 42.28639 37.50362 32.73956 27.87801 27.16789 27.58001 34.92204 40.423 37.13687 27.17565 17.73401 16.87999 23.37299 28.81274 29.50598 28.85481 25.5872 18.81205
37.10159 35.80629 34.0774 31.34168 25.56711 20.97906 17.29925 9.587223 16.25883 25.17924 29.92605 31.98388 21.53987 39.29741 44.79349 47.5274 42.99636 42.3056 41.60216 49.58402 61.02228 65.592 67.43607 68.85574 69.33306 68.1891 65.34454 59.42699 48.08759 46.98974 46.14175 45.17415 51.97538 48.31522 37.06538 36.14907 51.18154 55.54234 49.8447 47.4106 48.68274 52.69715 51.57601 41.91873 36.1948 34.44209 31.41951 27.30385 22.82576 20.32775 22.1267 26.14035 32.8529 40.29723 42.27125 37.14974 25.97766 14.15896 11.74599 15.91017 17.45151 17.32131 15.84145
15.19657 9.426543 5.908371 9.74079 10.0541 5.093417 5.980054 8.633247 15.72114 20.34803 13.83988 15.26794 33.24826 35.31817 36.63611 36.39654 34.96556 38.04194 34.90944 38.84086 51.74073 55.48951 57.85333 61.03636 57.71534 50.0538 47.10919 40.96827 36.23593 45.15774 43.80636 38.98665 51.55719 51.7243 44.02928 41.58837 49.86137 53.19325 43.8125 44.90227 49.91834 49.23244 39.96098 32.25798 31.37027 29.59427 28.10269 26.84713 23.12392 17.27125 16.7427 16.20867 10.90587 18.46663 29.71203 37.73843 39.05259 34.92785 26.21575 17.7283 10.53527 10.80976 15.21381
9.065354 13.93191 11.61181 6.07194 13.85046 16.61098 17.18691 5.40028 7.762876 6.436985 8.453163 20.66771 30.91542 27.80989 34.71807 35.96849 38.77421 40.16417 32.42582 45.97451 56.89399 58.20674 57.48278 56.80045 47.18549 41.70302 46.02993 43.88412 44.66793 46.12539 43.61392 40.25439 49.77063 51.39244 46.52961 42.01642 44.63508 51.37907 49.85925 43.6857 38.37978 34.93075 29.37724 26.00101 21.72181 19.88308 20.67179 18.44019 14.80429 10.58481 10.14715 14.00332 11.32971 11.03093 6.785954 6.810914 21.22185 33.96762 37.68449 35.18053 28.45544 19.72544 16.54113
19.02218 15.90119 6.155504 6.148585 22.13572 21.95592 23.85732 23.87824 19.42725 18.39668 19.1041 24.98665 30.87581 27.13023 29.08256 33.077 52.40626 53.98365 50.5908 59.5662 63.315 60.88386 56.39114 50.5808 45.78767 49.59023 52.12233 49.20273 44.19496 38.555 38.62489 42.68596 47.63728 48.66519 49.49089 46.62419 45.35081 50.62697 51.06461 40.41684 25.53585 27.55124 25.9221 22.40914 19.94077 19.49305 20.17596 14.447 10.23253 7.856461 8.599176 12.63991 8.234957 10.33051 13.50412 9.279376 5.215099 4.623439 14.41768 25.3791 30.81373 27.7471 21.68909
13.17782 9.983702 16.3507 16.4239 33.30878 29.82698 22.76065 27.63439 28.65615 34.57226 36.1883 33.22168 28.47909 21.96504 27.63891 38.31839 59.46186 58.22576 54.04305 64.15809 64.72495 60.01238 54.89396 52.16003 52.83854 52.00646 49.99349 45.12574 36.53497 30.90522 34.64878 43.16379 43.78395 45.27565 51.45211 48.87665 43.42524 45.83434 42.5544 34.58438 28.04249 28.05682 27.02962 23.12542 19.62817 19.54347 19.55039 14.44242 11.14462 9.385171 10.61338 13.43958 8.178587 6.993143 10.16891 7.955953 7.996439 5.312539 4.922538 11.05575 21.08618 27.64456 27.56184
15.79297 15.91751 26.19848 37.63241 44.39828 40.57775 35.78426 33.79313 30.04344 30.75141 25.36351 21.4159 17.91547 20.74107 30.42479 40.39217 58.46374 59.60845 57.35561 61.8507 58.54981 53.3936 53.679 56.46194 54.2572 47.00523 44.50487 39.77722 24.46308 21.79138 30.12794 36.72774 37.10328 47.33672 52.34573 44.35508 38.76508 40.17112 37.40432 34.62783 30.51497 28.30844 28.62778 25.98934 23.04803 20.2889 19.75338 14.70069 10.45257 9.791874 8.659111 11.63996 11.16304 11.38747 11.21809 9.473588 10.08294 9.023752 8.501033 9.514548 14.96425 23.25092 29.27003
11.30555 13.67124 22.06075 36.70152 47.56105 49.20819 47.95223 47.61018 39.50307 16.48889 7.943588 16.37908 23.49656 26.96143 32.71824 41.13267 58.05388 63.15916 59.7762 53.44199 50.66827 48.75194 48.77215 49.74585 42.74639 35.3755 36.36911 36.05994 23.11794 21.32281 26.68616 26.16841 31.77072 48.94107 51.81481 43.45813 41.47301 41.40337 39.41273 39.46051 36.26983 34.55964 33.82657 31.90401 31.50563 26.20959 25.21251 22.40393 14.38368 11.31522 10.25006 11.99237 11.11139 12.41994 10.61467 4.319801 9.16468 9.759271 5.090617 9.921135 15.50579 16.26836 25.39467
26.04219 31.82902 36.37641 44.12365 52.31985 47.90739 41.79149 35.2725 32.88173 18.26605 9.39849 17.06167 21.56081 25.11383 30.89408 45.52894 62.80717 65.59032 54.45901 45.21335 51.44308 52.44633 49.543 45.80396 38.35518 31.81498 35.81523 39.99884 35.85391 32.30778 26.08285 22.50061 27.51672 38.22448 48.94438 51.2282 51.50337 49.43092 44.09248 46.90379 46.68056 41.53995 36.65895 35.93827 38.22448 35.62065 36.12638 35.30754 24.4094 16.92318 11.83259 10.25006 8.233255 10.98484 12.41558 2.883455 7.101342 14.00332 11.62941 16.28503 21.62837 15.62059 19.09242
27.25917 38.28113 40.14066 45.37839 49.57033 30.85194 29.14047 41.44167 40.73952 14.78025 10.61467 20.10646 25.02252 27.68896 38.24181 55.42924 65.87306 63.27771 49.87704 50.95379 54.38991 53.32271 52.39711 47.51858 40.73717 38.11176 44.15181 44.56137 36.14189 27.01319 21.52995 24.01869 25.67285 21.88331 27.45052 38.14229 49.10311 53.71927 50.61044 52.06031 54.44139 49.35465 42.75813 44.78392 50.33636 52.47038 53.03299 52.14002 46.7607 42.89662 34.49115 26.50503 15.49316 9.556772 13.55943 4.607965 7.542258 7.452095 13.72286 20.64142 23.14383 17.33674 15.48979
16.97076 32.31317 36.55927 46.60995 45.48805 25.28187 29.95195 52.77935 47.53569 13.97957 20.04515 29.16797 38.94831 47.49493 53.53728 61.63319 65.65073 60.61308 54.31044 55.47557 54.55561 52.65733 50.64133 46.99923 41.56521 38.49526 42.34379 37.40744 24.15979 15.27565 14.05259 15.98584 16.43645 13.99953 13.08273 20.66771 34.67437 45.8623 46.81564 47.48946 55.07541 57.9133 57.15633 56.89946 59.04985 59.95555 60.73535 61.54979 59.39947 55.8434 48.37303 44.40877 37.55449 22.48765 15.9444 10.98609 15.62059 19.55039 15.17586 21.61356 26.49453 21.0771 18.32091
25.60855 41.54138 46.62072 47.25601 36.59861 22.79375 27.65699 51.62883 56.71346 44.44501 43.10261 52.6444 58.15621 59.0326 57.73486 59.72137 62.21981 57.47569 51.79347 51.74248 50.81338 47.92575 47.05149 47.39248 39.98423 34.01352 36.23705 28.75507 16.34675 6.932273 5.60462 9.261367 16.37593 17.74471 14.46987 16.81838 22.73413 29.29699 32.63295 37.28434 46.4673 54.57409 57.62416 57.85619 57.28237 56.99928 58.6036 59.60437 58.12111 55.75771 49.8136 48.79472 50.61476 46.28476 31.65497 19.64817 18.47544 11.37667 20.69103 31.14106 32.39052 25.53671 23.06004
24.36891 38.84579 43.25254 34.36409 21.13833 18.2983 24.15186 43.75218 57.0019 57.68592 55.74599 57.44449 58.17588 58.46754 58.25957 59.70583 60.67228 54.38991 48.97496 52.75913 50.9757 47.65902 46.09993 42.18252 31.8667 28.91771 29.53826 23.49656 17.64454 9.207114 5.312539 7.863612 13.19918 15.72032 15.05786 14.45524 13.89365 18.46799 20.8366 23.27314 27.04526 36.96308 46.08712 48.25417 46.25855 45.72292 48.95836 54.54785 58.51159 56.06564 49.02774 47.35597 50.47905 54.2155 51.95634 46.9436 41.98233 34.6229 24.77872 23.50336 23.67748 19.76454 18.68248
28.38894 29.63439 44.26009 34.91622 22.56267 25.12966 29.19063 37.61378 49.30399 54.61614 52.12469 44.39776 49.85669 54.82194 57.43947 58.94964 59.42053 56.39416 55.36361 54.25282 49.3039 45.49789 37.60846 29.96506 26.47876 26.02431 24.47727 22.86074 18.54905 10.81484 2.429113 1.919877 8.426629 10.825 17.69972 15.38147 11.38147 14.33943 13.23875 13.06321 15.02732 25.72334 32.21919 33.25818 32.81907 32.8353 34.82269 44.84938 57.02619 58.92738 53.29756 48.10238 47.71349 51.47078 51.84093 49.10339 46.52296 47.65902 45.5207 35.53437 30.1114 24.27142 18.97582
28.77373 21.81306 43.56611 39.33858 29.60263 31.65615 33.39489 38.20753 44.50487 45.56391 38.67208 7.547856 49.61145 53.5968 50.14336 46.6336 51.07808 52.12322 49.53315 43.54249 40.14762 38.75917 29.35551 22.47312 23.25487 23.23708 21.10207 27.85161 29.55404 19.45449 5.742483 4.417979 12.04322 15.9761 17.23062 14.14958 12.21436 10.7945 9.435383 18.67981 24.02058 18.46934 8.42829 19.43612 19.99152 18.78888 19.72855 27.41006 46.12631 57.28336 60.96362 58.80241 53.38842 49.91369 48.11325 44.29579 38.99491 45.62072 51.06404 47.35204 42.62085 38.53878 34.10162
20.15001 20.08827 42.46674 42.62513 38.3829 38.58816 40.19215 40.10838 36.38327 36.09331 48.67907 24.07697 53.52369 53.06907 52.43592 50.8205 50.99 51.14356 43.12494 35.62436 33.96762 31.71574 26.72765 22.76728 23.98334 23.01948 21.39421 28.35722 37.54544 31.71633 14.15052 8.211092 10.84148 12.24428 15.62059 21.12304 20.22172 17.01892 23.69334 28.51237 21.90217 11.29587 18.36055 27.35915 23.54707 14.63234 9.182892 11.72278 30.13474 46.36309 56.9213 60.37555 58.16846 54.86516 53.98024 51.80815 42.69127 39.5741 46.20357 47.40043 44.54542 43.65661 42.03367
15.26108 27.68896 48.91269 47.85749 42.61981 42.22817 39.84132 29.91095 22.72596 32.75173 55.63317 51.19052 51.49259 43.35654 50.02686 53.92072 50.02346 49.56285 47.53622 41.30726 31.64669 26.26747 25.70851 25.72377 24.44796 19.76268 18.77562 18.55377 33.45223 35.87013 32.61428 32.59167 38.92345 43.93145 44.4736 45.60736 46.24658 43.81182 41.67105 31.34168 26.29449 26.59324 23.8597 23.37936 16.16952 7.789993 2.823055 5.762254 11.69369 19.63755 37.5298 52.2418 57.36329 57.97345 58.69566 59.21465 54.15884 45.56705 44.45481 44.8839 42.9049 42.36126 41.02168
12.65805 32.38684 53.58562 51.1987 43.17919 42.6448 33.53127 19.69869 17.03994 23.68181 45.8036 53.70291 46.63416 35.48743 54.3488 54.85619 42.66606 43.86509 47.15747 44.02713 34.67093 30.20427 30.87581 31.64462 31.39431 27.18224 25.1753 27.81586 34.82391 41.09243 49.37662 52.73123 50.25592 48.20912 49.1377 51.23747 53.73387 52.14951 45.37839 38.8806 39.60931 34.2325 22.98736 16.48889 10.74985 7.174498 7.025383 7.99117 7.474742 2.56719 12.08261 33.58076 49.61082 55.00637 56.30575 58.5317 58.64882 53.55172 48.40534 46.41131 43.12851 40.18781 38.32074
35.53437 39.88586 51.04147 53.93799 47.07267 40.08059 25.83523 4.931225 13.86295 14.93524 17.16909 24.879 20.20247 41.27817 53.20864 47.56922 33.51068 40.07954 44.11336 42.11839 35.67414 30.12794 31.1499 30.96881 32.92585 30.03171 24.76793 28.10416 37.3044 47.82805 55.91802 59.16061 58.96043 58.375 58.10678 54.15099 48.7315 43.58234 39.09441 42.00409 43.49277 37.90278 29.5527 23.10598 16.65966 11.09905 7.929432 7.416089 7.610997 5.566412 5.920381 11.69952 31.96417 45.87685 50.88105 53.45152 55.2205 55.57516 50.20023 47.63957 46.53605 41.55664 39.17251
47.21258 39.15543 45.68223 56.66626 49.31199 32.77411 23.14234 15.20088 5.034283 20.87292 9.291361 25.53585 19.02479 38.0529 38.90308 38.81526 35.2179 39.7608 39.78489 38.7048 36.3081 32.64631 33.58418 28.85866 24.42915 21.32281 23.7351 30.21814 40.87086 49.89358 52.48456 55.45583 60.90414 62.22625 59.47893 54.62518 44.47295 35.32668 36.89124 43.10418 42.92897 36.5654 33.07619 26.86926 20.38197 13.4952 5.999021 6.944492 7.44453 5.672728 7.277954 5.082208 12.70697 31.75545 42.55634 47.51228 47.44433 53.73833 53.13448 47.40043 47.31914 45.5207 43.57236
