input_sf/tdp_slope.txt
ncols         375
nrows         254
xllcorner     -73.15875
yllcorner     -51.070992819073
cellsize      0.00083232081000002
NODATA_value  -9999
[rows 112 to 139 of 254, columns 63 to 125 of 375]
52.45775 52.19234 50.98701 49.62402 48.61162 47.98171 49.62231 51.68227 52.51502 55.84108 59.35164 62.6812 65.33736 66.1299 65.20695 61.61623 57.32481 55.95456 54.10359 50.01014 46.22319 43.82874 40.96183 37.36817 38.49526 36.1356 17.24245 51.85639 56.68497 63.85455 67.19342 65.68684 62.07861 58.76401 55.76681 54.75319 55.04106 52.76599 50.83456 52.2771 52.96751 51.61194 48.50883 44.05266 40.38239 38.91063 40.0559 42.09081 41.46103 37.6103 22.59516 15.27822 28.35253 20.67238 2.5447 26.32106 31.96823 7.77735 17.56317 7.601746 15.26794 10.37182 24.30984
52.19703 51.50128 51.27469 50.78757 48.89222 44.91391 41.45063 39.11006 39.33858 42.30892 44.6921 48.73534 51.7118 52.12912 49.85105 46.70298 47.16103 49.20208 50.11574 47.47134 45.23761 45.80051 48.30749 49.10862 49.02295 50.5637 49.39033 62.4612 59.0644 55.33089 50.53914 44.95951 43.67413 42.11333 41.65717 43.87502 44.03828 43.07278 44.9215 45.87271 46.07372 46.15509 44.63237 41.76911 38.61355 37.74331 38.61355 38.64582 36.85068 34.58561 30.69387 21.0293 6.337139 24.13878 16.06349 31.31756 35.57047 11.73207 33.82424 25.60172 31.52858 25.5778 45.38806
53.05596 51.66392 51.1759 51.48755 51.35533 50.14819 46.64737 41.0197 36.8612 37.12441 38.91345 40.08793 35.33353 27.94917 22.81814 23.33519 27.74074 30.91048 36.51501 37.85182 40.33049 42.88732 46.91828 52.66199 54.48914 54.05261 55.72683 58.58442 50.12955 39.35564 33.98122 36.51677 43.22245 45.3126 46.22988 44.84748 41.04535 39.61869 39.54279 38.7363 39.30679 40.53976 42.04705 41.75641 40.11309 39.69798 38.98608 37.4176 36.19838 35.11677 40.51767 46.13177 45.59566 36.10142 16.48186 30.41205 31.06313 44.60099 50.27761 45.40628 52.47038 55.60486 55.36478
54.04884 52.4561 48.86791 46.09096 46.97172 48.56339 46.74826 41.41748 35.88474 31.99836 30.56935 37.37503 38.43588 33.48373 29.07012 29.58924 27.07649 26.68816 25.21119 23.26524 30.01735 31.96591 30.81373 39.53826 48.7169 45.36712 37.59637 36.75175 33.70987 38.83215 39.19476 39.17622 44.54373 47.69671 47.88696 43.74985 39.36864 38.36417 37.25817 36.99739 36.57764 35.74081 35.48743 35.93827 36.59774 35.46871 32.88393 32.43258 34.44134 36.15177 38.95583 41.32082 44.70135 44.0587 38.95583 43.93863 53.75767 57.5302 53.04585 47.4382 50.79307 52.33225 46.13247
43.76971 44.63224 43.7312 40.45581 37.19753 34.32846 32.08814 29.79261 28.78323 27.01789 22.91686 29.21771 34.82513 34.37611 30.22104 31.06557 32.45822 37.9275 34.88422 28.81941 25.17179 25.90953 24.71752 27.54404 36.79493 38.62451 21.47801 15.77402 22.6753 42.65897 49.27472 46.99923 46.12167 45.30706 43.0544 38.24162 35.02848 35.97303 37.27095 37.64468 36.86185 34.62783 30.81995 28.70003 28.32869 26.68137 24.23337 21.80114 23.14184 27.08858 33.06371 38.16011 37.14151 34.04422 37.56845 46.67621 49.67319 44.64539 36.821 31.82463 28.43821 24.85399 17.57256
21.16377 24.44979 28.36913 28.91875 25.60471 23.86873 25.54442 26.30144 26.14201 26.32228 28.05866 32.41397 36.88866 38.95 35.3314 31.927 33.28471 40.58893 41.52069 39.41182 32.77826 28.61073 29.23278 29.83193 31.42191 35.65957 28.07739 8.633247 31.20132 53.57483 54.44036 50.0293 44.80458 38.82001 31.93165 29.00537 34.53014 38.00542 37.60846 35.00801 31.80971 28.57765 26.69095 25.26488 24.36016 24.08635 24.93559 22.47727 19.65816 17.4973 17.04519 20.06946 26.83684 32.78267 38.58276 39.69636 33.39463 27.44899 26.2404 24.63028 20.11312 16.35464 13.26304
9.865159 8.610549 7.929432 10.0651 14.90616 20.12704 24.75625 27.4924 28.38894 28.98905 30.60183 34.30082 39.8605 44.20891 45.18954 42.24563 38.65253 38.90308 36.21895 39.95868 40.44266 36.44289 32.9201 31.3248 27.89137 27.56336 36.13717 37.43563 46.08665 62.85625 55.83952 47.45256 38.29997 37.03801 32.61288 28.74521 33.4795 35.38232 35.37455 32.65438 29.03864 26.01058 24.01257 22.22194 21.42256 20.41702 21.04582 19.20166 14.72219 9.04997 8.107976 11.04087 19.84675 30.31105 36.2118 35.8868 33.92752 32.19632 29.66943 24.08401 18.40281 15.79297 16.32542
5.581727 2.098855 2.740438 6.563361 11.86932 17.6589 22.90575 27.4448 31.41232 34.05494 34.96556 35.63108 37.07195 39.47216 41.94058 38.93908 36.64503 38.1516 34.45456 35.24689 38.65272 38.2605 33.33736 35.78495 33.92134 36.91522 48.04764 38.80938 49.10218 66.21314 58.74361 44.69557 35.80881 39.9186 35.52877 30.17682 31.40842 30.81497 30.3482 27.82778 25.70342 24.5047 22.96624 21.81144 23.52523 24.58262 24.87186 24.69903 22.91938 17.5205 17.85265 20.71549 26.00434 29.57819 29.05006 25.77833 25.94301 25.24919 20.0725 14.39196 12.00709 12.31488 14.13926
3.261838 2.888431 5.093417 8.741009 11.75526 14.46895 18.21098 22.11183 25.21119 27.45509 28.99114 29.82599 29.968 30.99313 34.15247 35.58466 37.29061 38.86245 35.81042 32.61288 32.18574 36.25311 39.22289 40.49078 38.47433 40.25214 44.77357 25.22867 43.68776 64.29883 63.24632 51.53433 41.12989 40.96348 32.23717 27.94066 32.16426 31.72958 28.54058 24.87186 22.7188 22.00521 20.66771 19.81652 22.86074 27.02454 29.24236 31.43629 33.24101 31.13801 27.83188 25.63711 28.24281 26.99282 22.06661 16.84276 15.01158 14.99845 14.97039 13.84757 11.72743 10.08157 10.25679
9.631986 8.414993 7.053467 6.928196 8.76016 10.95107 13.53872 14.84247 14.61068 14.67825 16.79397 19.49305 21.48576 22.89868 24.82849 28.16085 31.98678 34.68494 35.1127 31.79096 28.37129 38.81906 47.36011 42.48199 35.12777 37.61583 44.12512 37.50198 20.88903 59.0804 65.76192 57.41577 43.71499 44.67141 39.33564 33.80169 33.87183 29.26969 24.96935 22.64453 18.69916 14.56996 10.84527 9.16468 11.20955 16.66274 21.4852 25.78466 27.88246 24.44245 20.71316 18.6718 22.4081 19.07814 17.39826 16.37199 15.57379 14.91409 14.09035 12.79577 13.13702 14.20386 17.32866
15.84227 12.92663 7.305027 4.154381 8.696147 9.470655 10.24467 8.651037 6.810914 7.103329 9.527674 12.08261 15.18536 17.40484 18.7577 21.29091 25.82892 31.90168 36.22968 35.32668 32.69439 37.94576 46.73392 50.71182 49.59914 46.57063 48.33758 50.21045 35.33022 47.84734 66.19408 60.29831 43.58789 47.25162 46.6049 36.23236 30.94846 25.27403 19.00914 13.54365 7.274078 3.331463 0.8487296 0 0.5092616 3.42905 7.547856 13.81194 19.87385 17.69614 16.25565 16.39797 18.68715 14.19639 14.67915 16.91637 16.94359 16.55124 17.12667 16.00934 16.00772 21.0139 27.17914
9.928108 10.80467 12.05675 10.84527 9.752167 8.891427 10.02794 7.330073 6.363923 8.501033 9.865159 9.182892 10.44862 12.97959 15.82586 19.0593 22.73821 28.92503 35.19839 37.95098 40.35509 40.18434 43.08469 48.868 53.03832 53.35807 54.13927 56.80045 56.56767 48.65911 63.79422 61.34724 44.21462 47.44433 49.32751 36.46931 28.84885 21.87468 12.40686 6.155504 0.8487296 0 0 0 0 0 0 3.790373 12.69954 17.37705 18.80146 16.26836 14.29317 10.0541 7.675426 7.87254 8.599176 12.04322 16.50372 19.60563 23.37299 25.1937 25.181
1.60108 6.337139 12.30058 15.23703 11.25705 8.095855 12.2675 10.10211 8.061119 8.040202 7.929432 7.025383 7.998194 10.39439 12.88388 15.23531 17.39826 23.25487 31.78597 37.30085 41.9195 41.52085 40.22738 41.61466 46.0941 47.18549 49.12625 53.69248 57.37186 54.61998 59.42622 59.80345 43.92657 46.15509 47.9746 33.8571 28.43821 19.99335 10.06922 6.436985 1.827733 0 0 0 0 0 0 0.6790015 4.289903 8.73941 12.04322 11.75179 9.280875 4.817042 0.8487296 0.8487296 2.375255 8.980392 15.18536 22.64453 29.37588 21.60863 15.30988
5.291044 4.626528 5.939543 6.524412 8.911801 8.850531 12.4417 8.381652 4.417979 4.607965 5.53308 6.155504 7.429375 8.463091 9.005197 9.88759 12.34672 18.16261 27.17565 34.3144 39.39427 39.12197 39.25097 40.28912 42.63652 42.69553 42.43561 45.9496 49.90623 49.07872 51.94318 54.75302 40.56267 42.07793 44.02861 32.73181 29.95851 21.72181 12.4417 9.193498 3.344354 0 0 0 0 0 0 0 0 0.1697578 2.307714 3.226458 1.200197 0.4801378 0.3795856 1.292622 4.456635 10.76901 14.84247 23.24894 30.69794 15.26279 6.522241
4.447003 6.70206 9.404404 7.849304 11.95265 15.13087 11.64698 6.7609 6.090612 6.07194 4.601761 6.192271 8.446538 8.156268 7.579495 8.381652 10.41427 13.44854 20.59458 28.81835 35.88292 36.7848 37.33257 38.70174 41.76347 44.37151 43.05267 41.37687 43.33569 42.87918 41.35322 43.53582 35.36819 37.26153 37.75042 33.2163 32.11 24.30984 14.66476 12.59176 6.12778 0 0 0 0 0 0 2.036242 4.098899 5.655151 8.069818 9.575635 9.201065 9.637745 10.68829 10.15259 9.729399 11.349 12.91414 21.90648 29.58757 12.41994 5.073784
8.836327 11.39587 14.46895 14.84247 17.45151 19.11965 16.47404 9.983702 7.291504 5.9491 5.525359 7.291504 9.649253 8.234957 5.647601 7.164657 9.268875 10.2541 16.53646 25.40936 32.65188 32.5668 31.80356 31.98417 34.83876 38.90779 40.05362 38.11255 37.97182 38.81697 33.70987 27.719 32.74841 34.76435 32.92448 30.69606 31.77542 29.18068 19.30946 15.01858 12.8682 4.742374 0 0 0 6.926156 13.3767 15.34487 14.23184 15.44166 19.2813 17.55812 12.37629 9.717993 9.283873 8.121804 8.157987 8.109705 8.891427 19.75462 27.519 13.47835 10.0169
9.388132 10.65607 12.89223 12.95159 13.04983 10.5091 11.81072 10.9423 6.12778 6.599928 7.77735 8.58616 8.204261 7.174498 4.852467 6.155504 7.636837 7.073455 8.204261 15.401 27.38367 31.78715 31.63989 27.6076 26.40051 29.95195 33.10409 33.0371 31.78597 28.46691 23.90719 19.37324 23.27857 30.30047 35.81729 31.03522 28.70427 31.19463 26.50624 14.60255 12.69423 8.644573 0 0 0 11.48897 11.14462 10.61986 12.33685 13.12782 14.62513 13.40668 14.46895 8.8126 3.057456 1.68004 3.433229 4.24634 5.707715 18.12241 25.93966 13.50412 14.5491
27.14189 18.0612 12.69954 12.27081 12.17211 6.414936 2.5447 8.343136 8.481259 7.330073 3.91308 2.504855 5.525359 6.055553 3.971194 5.025777 6.785954 9.473588 9.631986 1.138624 12.49807 24.9467 32.42525 32.14418 27.67054 25.51913 27.42648 29.99155 31.50235 30.58166 29.33546 24.05444 14.86108 17.12667 33.8105 32.7271 24.45941 26.33861 28.48518 16.00772 10.825 9.656438 1.697087 0 0.3395127 9.416219 14.72219 13.94623 10.08157 8.672012 10.04309 2.282656 8.08198 13.18596 10.98484 6.802604 2.583929 2.56719 4.65116 16.03523 23.27857 9.457445 12.58103
30.63078 26.45771 15.41118 9.677958 14.2486 15.30988 9.207114 1.835589 2.649819 3.033891 0.6998967 1.697087 6.050863 6.352777 4.126735 4.39527 4.922538 7.771926 9.575635 6.055553 2.96206 11.54821 23.9923 32.45794 34.56855 33.09001 33.10165 34.67093 36.47943 37.25985 37.65633 36.81239 33.90099 29.19715 35.01452 37.30001 26.65858 26.97321 29.58757 16.06107 6.522241 8.414993 3.790373 0 0.4801378 2.735191 7.007267 12.74194 15.26879 14.617 12.80209 6.443585 4.398521 3.809222 9.160122 6.312484 2.276349 1.235668 5.312539 14.9739 20.22412 9.827181 13.53082
28.28309 23.824 15.13174 7.330073 8.949284 13.55844 16.06107 14.90086 8.441566 1.747227 2.098855 1.46 3.596387 8.696147 8.486207 5.687749 4.102389 7.180395 10.33585 6.34608 4.081405 0.8487296 4.249707 12.27081 25.82892 33.75233 35.96463 36.64569 37.31567 37.3384 36.27807 35.0957 35.95487 36.73813 39.30771 39.4889 26.79127 20.28351 26.25886 16.69971 6.203715 6.097599 4.313176 1.399585 1.440144 0.3395127 0.8655352 2.363119 6.800526 15.01333 12.06462 4.192093 7.929432 10.33585 8.672012 5.687749 2.522009 2.883455 7.943588 10.31046 15.05089 12.43626 15.10224
27.24065 14.76509 9.268875 9.937861 8.905538 9.04997 11.43417 15.9761 15.80942 6.062582 0.3395127 1.200197 2.823055 4.684815 10.70243 9.598796 6.976965 8.505968 10.11578 6.111547 5.416077 4.028458 4.126735 4.931225 4.607965 13.91184 22.76881 27.92289 31.49996 33.91722 35.0097 34.76142 36.96052 40.32222 41.17182 36.68438 23.76383 15.12741 22.87441 22.55183 12.35439 13.18291 9.587223 6.07194 2.098855 2.429113 3.733247 2.470187 9.267374 17.06167 9.480917 2.363119 6.563361 7.40468 5.272163 3.596387 3.763823 4.576858 7.213719 6.574138 14.48721 19.60876 20.82101
18.25161 8.233255 2.399342 6.363923 8.963297 6.846111 5.168432 10.75879 17.81581 13.99953 6.964806 2.307714 2.927932 3.12708 4.745383 8.46805 11.27163 12.63564 11.30555 8.591043 7.815213 6.478665 4.405017 7.86897 9.385171 5.291044 4.718225 7.491681 13.52983 20.87349 26.94178 30.36195 32.11116 33.09353 31.31756 24.35232 15.741 14.03745 19.1423 23.94649 12.13305 12.55739 14.6971 15.2095 13.33458 14.39196 13.55056 12.37082 15.27822 18.97582 11.349 9.12814 5.379144 1.803959 3.005366 6.53092 11.11139 14.56453 20.58343 22.02232 22.25356 24.0088 23.04803
11.05204 11.09535 7.119208 4.796254 8.591043 5.418705 3.033891 5.034283 11.12494 15.72611 14.34774 10.76901 5.53308 1.897262 1.610045 2.595027 7.99117 13.82447 13.35064 10.37846 8.267229 10.31046 10.65994 13.3867 17.22692 14.73293 12.43191 11.96174 12.1073 11.41025 12.49483 15.01858 19.82393 21.01961 18.2839 15.64393 14.45432 16.46074 18.68448 19.84922 12.98477 9.965671 10.34519 14.8034 16.92848 21.9124 24.06759 21.53767 22.79985 24.34863 21.97791 19.43612 14.04029 13.43162 14.91057 15.12654 15.88485 15.34061 19.45196 22.96322 22.90929 22.67787 20.88212
13.04262 14.16083 11.69369 11.96969 9.950386 5.215099 4.195504 2.583929 2.633502 8.301056 9.42212 11.29587 14.03651 13.06012 8.42829 1.292622 2.898357 8.967963 8.591043 8.012222 7.876109 10.56789 14.17956 12.06462 8.947725 8.891427 12.18213 15.7228 17.25132 15.52261 12.40686 11.75179 15.75009 14.35512 12.27081 10.21227 8.992804 11.82799 15.00546 13.99098 13.79553 11.10029 5.255923 6.528751 6.895483 7.190213 10.08019 14.61429 21.68363 26.40904 23.69479 25.03181 28.91771 30.61852 30.1409 27.48251 22.78001 19.39868 19.42344 20.81581 22.34123 19.82763 16.92848
18.85432 21.22185 19.93035 15.93788 9.12814 5.215099 3.217551 1.450106 1.138624 5.687749 5.149091 5.40028 9.182892 13.19308 14.9739 7.768307 6.729445 9.79046 7.213719 8.231552 8.426629 7.998194 12.76731 13.92427 13.54365 12.7768 9.04997 6.591343 6.9992 9.780547 12.59176 12.11514 10.41427 5.791781 1.835589 0.8487296 1.440144 6.599928 7.827791 5.450142 12.46775 10.8034 1.934807 0.2400731 1.018443 5.586823 7.849304 9.404404 16.82753 24.17053 23.28646 22.75963 25.19632 25.3791 24.45895 25.7352 25.44 23.82161 22.82068 21.48963 18.60217 13.16152 10.08568
31.50474 34.53609 36.09534 34.80441 25.36784 11.30555 4.820004 1.368375 1.518009 5.003023 3.763823 1.705546 2.231693 6.256077 8.891427 11.37667 15.40609 13.35064 10.76901 12.08261 10.9761 7.055468 10.59781 12.9183 11.30434 13.2063 15.27565 15.03693 11.30434 2.797501 4.098899 5.980054 3.733247 2.918107 1.705546 3.495315 3.527977 6.292238 8.294302 6.399455 11.16917 9.631986 3.226458 1.527463 3.275007 7.929432 10.51172 9.827181 7.726565 13.49421 18.88133 19.51261 17.77888 16.56911 17.35434 20.35995 22.6322 23.57372 23.26129 18.2158 14.51182 14.2486 13.7034
37.21056 40.58724 45.64766 48.43001 46.6215 33.98815 18.79153 9.373314 3.057456 3.733247 2.26368 5.491771 11.03217 13.08478 9.759271 8.221329 14.9739 16.26757 14.04029 15.05786 12.27081 6.777614 9.457445 12.54555 9.928108 6.235641 9.74648 14.66476 13.35967 11.349 6.443585 2.212278 1.697087 3.168115 3.071508 1.697087 1.235668 3.094786 9.545144 11.32971 11.86932 10.58481 9.111341 10.80467 13.0127 12.8462 10.5405 9.473588 6.934311 10.70757 15.79297 18.53692 19.96525 21.29987 22.83591 22.44194 20.97678 20.38494 17.00915 13.49619 9.539325 11.28618 16.50138
34.36535 36.66048 40.33307 46.43598 53.90978 51.97874 40.64267 29.9716 18.68448 9.630546 2.843332 6.493951 9.759271 12.45147 13.18291 5.379144 8.301056 8.784038 10.17977 13.5742 13.05497 8.745801 8.260446 10.46838 9.309308 7.660749 8.111435 10.72937 11.69602 13.81194 14.55999 13.23875 11.02969 7.806216 4.980162 4.551816 3.478868 2.649819 7.547856 16.06107 15.13694 12.1431 10.44202 12.89223 15.55032 15.13174 12.85249 10.15259 8.095855 6.767172 7.089405 10.6651 14.34497 16.65271 16.28423 13.34362 12.17768 11.16304 9.780547 16.115 14.09695 11.68087 13.3837
