input_highsierra/dem84_30.asc
ncols        1263
nrows        555
xllcorner    -118.377638888889
yllcorner    36.483750000000
cellsize     0.000277777778
NODATA_value -9999
[rows 494 to 531 of 555, columns 1092 to 1175 of 1263]
1479 1475 1470 1462 1455 1453 1451 1449 1443 1437 1431 1426 1421 1416 1411 1406 1403 1398 1389 1382 1376 1373 1368 1366 1363 1359 1355 1350 1345 1340 1336 1332 1329 1327 1325 1324 1324 1322 1319 1315 1308 1303 1300 1298 1300 1299 1301 1298 1297 1296 1295 1291 1287 1286 1284 1283 1282 1277 1276 1274 1274 1274 1274 1272 1270 1267 1265 1263 1266 1269 1271 1271 1267 1259 1254 1251 1248 1244 1240 1237 1235 1235 1232 1221
1490 1484 1477 1468 1461 1458 1460 1459 1453 1448 1439 1432 1423 1418 1415 1411 1406 1399 1393 1387 1382 1376 1370 1365 1361 1357 1353 1349 1346 1342 1338 1333 1328 1325 1323 1321 1319 1318 1314 1309 1303 1300 1296 1294 1294 1291 1297 1298 1295 1293 1294 1294 1292 1288 1283 1280 1279 1275 1272 1271 1271 1270 1270 1270 1270 1266 1267 1266 1268 1270 1271 1270 1265 1258 1251 1248 1246 1241 1236 1233 1233 1231 1230 1224
1498 1494 1485 1478 1473 1471 1470 1469 1460 1452 1442 1434 1428 1424 1421 1416 1409 1401 1395 1391 1386 1381 1377 1372 1368 1362 1355 1349 1345 1342 1339 1336 1331 1327 1322 1319 1317 1314 1310 1307 1303 1298 1294 1288 1287 1290 1300 1291 1290 1291 1291 1293 1293 1291 1290 1286 1281 1276 1273 1271 1270 1269 1268 1269 1267 1265 1265 1265 1267 1267 1267 1265 1260 1253 1248 1245 1242 1238 1234 1231 1229 1226 1224 1221
1502 1499 1494 1489 1487 1483 1480 1474 1466 1457 1451 1444 1438 1432 1426 1419 1412 1406 1399 1392 1387 1381 1376 1370 1367 1362 1355 1350 1347 1345 1343 1338 1332 1328 1324 1321 1318 1315 1310 1307 1303 1298 1291 1285 1286 1291 1297 1295 1294 1293 1292 1292 1290 1288 1288 1287 1284 1281 1278 1277 1277 1275 1272 1269 1266 1262 1262 1264 1265 1264 1262 1259 1254 1248 1245 1242 1241 1238 1233 1229 1224 1221 1220 1220
1506 1503 1499 1495 1490 1484 1478 1472 1465 1459 1453 1445 1438 1429 1420 1414 1408 1402 1395 1387 1384 1380 1373 1370 1365 1359 1352 1347 1344 1342 1341 1337 1332 1327 1323 1320 1318 1315 1313 1310 1306 1298 1294 1283 1286 1291 1293 1293 1291 1289 1289 1287 1286 1283 1282 1280 1279 1279 1279 1279 1279 1277 1274 1271 1265 1262 1261 1263 1263 1260 1259 1255 1251 1246 1242 1239 1238 1236 1232 1229 1226 1223 1220 1218
1509 1507 1503 1499 1491 1483 1477 1473 1466 1458 1449 1440 1429 1418 1408 1403 1400 1395 1387 1381 1379 1376 1371 1367 1361 1354 1348 1344 1342 1341 1341 1338 1334 1330 1326 1321 1319 1316 1313 1311 1309 1305 1298 1289 1288 1288 1289 1289 1287 1283 1280 1279 1279 1277 1278 1277 1277 1277 1276 1275 1275 1274 1270 1268 1263 1258 1258 1260 1259 1257 1256 1255 1251 1247 1242 1237 1234 1232 1231 1229 1228 1225 1220 1216
1511 1508 1503 1496 1489 1484 1479 1474 1465 1455 1444 1433 1420 1406 1400 1396 1393 1389 1384 1380 1374 1368 1365 1361 1359 1354 1347 1343 1340 1338 1337 1335 1332 1329 1326 1322 1320 1317 1314 1312 1310 1307 1303 1293 1285 1284 1283 1281 1280 1277 1274 1271 1270 1270 1271 1272 1273 1273 1273 1272 1271 1270 1269 1266 1263 1260 1258 1258 1258 1258 1257 1254 1249 1244 1240 1236 1234 1233 1232 1232 1231 1230 1225 1217
1506 1503 1496 1489 1485 1482 1477 1470 1461 1450 1436 1422 1409 1402 1398 1395 1391 1386 1384 1380 1372 1365 1361 1358 1356 1353 1349 1345 1340 1338 1336 1334 1330 1325 1319 1317 1316 1314 1313 1311 1308 1305 1301 1295 1287 1280 1276 1274 1272 1271 1269 1267 1264 1262 1263 1264 1266 1267 1268 1269 1268 1266 1265 1264 1263 1261 1259 1258 1257 1256 1255 1252 1248 1245 1242 1240 1239 1238 1236 1234 1232 1228 1224 1217
1493 1491 1489 1485 1481 1478 1474 1467 1459 1445 1430 1416 1408 1405 1402 1397 1393 1390 1386 1381 1374 1367 1361 1357 1355 1353 1351 1348 1345 1340 1336 1333 1328 1323 1320 1317 1315 1312 1310 1309 1308 1305 1304 1300 1293 1283 1277 1274 1270 1267 1266 1266 1265 1262 1259 1257 1260 1261 1264 1266 1267 1265 1262 1260 1260 1260 1260 1259 1258 1256 1254 1251 1249 1248 1244 1242 1241 1240 1237 1233 1230 1226 1224 1222
1488 1486 1482 1477 1474 1472 1468 1463 1454 1441 1428 1415 1408 1405 1401 1395 1390 1385 1381 1376 1372 1367 1362 1358 1355 1353 1350 1349 1348 1346 1341 1336 1330 1325 1322 1320 1316 1312 1310 1308 1306 1305 1305 1304 1299 1291 1282 1276 1273 1266 1263 1261 1261 1260 1258 1255 1253 1255 1259 1261 1263 1263 1260 1259 1260 1260 1257 1256 1256 1254 1252 1250 1249 1246 1243 1241 1241 1239 1236 1232 1233 1229 1225 1222
1486 1483 1479 1474 1469 1466 1464 1458 1449 1437 1429 1423 1418 1411 1404 1396 1390 1385 1380 1373 1370 1368 1365 1361 1356 1352 1350 1348 1346 1344 1342 1339 1333 1329 1326 1322 1319 1314 1310 1309 1307 1305 1304 1302 1301 1296 1288 1279 1271 1266 1261 1259 1258 1259 1259 1257 1254 1252 1253 1257 1260 1262 1261 1261 1260 1258 1255 1252 1249 1247 1245 1245 1246 1245 1241 1241 1241 1239 1235 1232 1232 1231 1227 1225
1483 1480 1474 1467 1459 1454 1449 1444 1440 1436 1429 1423 1420 1416 1409 1398 1392 1386 1381 1375 1372 1369 1366 1360 1354 1349 1347 1345 1342 1340 1338 1336 1334 1331 1328 1326 1324 1321 1316 1310 1304 1301 1299 1296 1294 1289 1285 1281 1275 1270 1265 1265 1263 1264 1263 1261 1255 1253 1250 1251 1254 1257 1262 1264 1263 1259 1256 1252 1247 1243 1238 1237 1238 1241 1241 1242 1240 1238 1235 1233 1232 1229 1227 1226
1483 1475 1464 1454 1445 1440 1436 1433 1431 1427 1421 1416 1412 1409 1402 1394 1389 1387 1384 1380 1373 1367 1363 1356 1350 1347 1345 1342 1340 1338 1335 1332 1329 1327 1326 1325 1324 1321 1314 1305 1298 1292 1289 1287 1285 1282 1280 1279 1278 1277 1276 1277 1279 1277 1274 1271 1266 1259 1253 1251 1254 1256 1259 1263 1264 1263 1260 1257 1253 1247 1241 1236 1233 1231 1233 1231 1232 1233 1233 1231 1229 1227 1225 1225
1484 1469 1454 1444 1436 1430 1426 1423 1421 1417 1412 1406 1399 1395 1390 1386 1384 1384 1383 1380 1374 1368 1362 1358 1353 1350 1347 1342 1339 1336 1333 1330 1325 1321 1319 1318 1317 1316 1311 1305 1300 1295 1290 1287 1285 1283 1282 1283 1284 1284 1284 1285 1284 1282 1279 1277 1274 1269 1262 1255 1253 1252 1250 1249 1252 1255 1256 1256 1253 1248 1243 1238 1232 1229 1230 1230 1230 1230 1231 1230 1228 1226 1223 1220
1481 1467 1454 1441 1430 1424 1420 1417 1414 1411 1405 1399 1393 1390 1386 1383 1380 1379 1378 1374 1369 1365 1363 1363 1360 1355 1351 1346 1341 1336 1331 1328 1324 1321 1319 1317 1316 1314 1311 1309 1306 1303 1298 1293 1291 1289 1288 1288 1290 1291 1290 1287 1284 1281 1278 1277 1275 1272 1266 1258 1253 1249 1246 1244 1250 1246 1249 1251 1249 1246 1240 1234 1229 1227 1228 1228 1229 1230 1231 1230 1228 1227 1224 1221
1477 1466 1453 1438 1429 1424 1419 1415 1411 1407 1403 1398 1394 1389 1385 1382 1379 1376 1376 1375 1370 1364 1364 1365 1366 1366 1363 1359 1352 1344 1336 1330 1327 1325 1323 1320 1318 1315 1314 1314 1313 1312 1310 1298 1295 1296 1294 1295 1295 1295 1293 1288 1284 1279 1276 1273 1270 1266 1262 1256 1253 1249 1250 1251 1252 1251 1252 1252 1249 1245 1239 1232 1227 1224 1224 1225 1227 1229 1230 1230 1228 1224 1222 1222
1469 1458 1447 1436 1431 1428 1424 1418 1412 1407 1402 1397 1393 1389 1386 1383 1379 1376 1374 1371 1369 1367 1366 1367 1369 1370 1368 1364 1359 1353 1347 1340 1335 1333 1332 1332 1328 1323 1318 1315 1311 1309 1305 1300 1293 1287 1287 1288 1289 1288 1284 1277 1273 1271 1271 1270 1268 1265 1261 1257 1256 1256 1258 1259 1259 1257 1254 1252 1252 1248 1241 1234 1226 1223 1222 1221 1223 1224 1227 1228 1224 1222 1219 1216
1459 1451 1445 1439 1434 1430 1427 1424 1421 1416 1409 1404 1400 1396 1391 1385 1379 1375 1372 1367 1363 1362 1361 1359 1358 1358 1357 1354 1354 1354 1351 1344 1336 1330 1328 1326 1322 1317 1310 1306 1301 1297 1291 1285 1278 1275 1274 1274 1274 1274 1272 1269 1268 1269 1270 1270 1270 1269 1268 1267 1266 1266 1264 1263 1261 1259 1255 1253 1251 1249 1246 1238 1228 1224 1221 1219 1219 1219 1219 1219 1218 1216 1215 1215
1461 1454 1448 1445 1441 1436 1431 1429 1429 1424 1418 1411 1406 1400 1393 1386 1379 1372 1368 1363 1360 1358 1355 1353 1349 1345 1341 1340 1341 1344 1346 1342 1333 1325 1320 1316 1311 1305 1301 1297 1293 1288 1285 1282 1280 1278 1277 1276 1275 1275 1275 1277 1277 1276 1275 1276 1276 1275 1275 1274 1273 1270 1268 1266 1262 1260 1257 1256 1254 1252 1248 1242 1237 1231 1226 1223 1219 1217 1216 1215 1213 1209 1207 1207
1463 1458 1454 1449 1444 1441 1436 1432 1428 1423 1416 1408 1401 1393 1386 1382 1376 1370 1362 1356 1352 1347 1347 1345 1338 1334 1329 1327 1328 1333 1331 1327 1321 1313 1308 1307 1303 1299 1296 1294 1290 1286 1285 1283 1283 1283 1281 1281 1280 1280 1281 1282 1284 1285 1282 1281 1280 1279 1278 1276 1274 1273 1271 1267 1263 1259 1257 1256 1254 1252 1252 1249 1243 1240 1236 1229 1222 1218 1216 1214 1211 1209 1205 1203
1470 1464 1460 1453 1448 1444 1437 1429 1421 1414 1406 1398 1390 1382 1375 1370 1368 1364 1357 1349 1342 1337 1343 1338 1334 1324 1321 1316 1316 1318 1316 1315 1310 1306 1303 1304 1303 1299 1297 1297 1295 1295 1294 1290 1286 1283 1281 1281 1282 1283 1286 1287 1288 1287 1287 1286 1283 1280 1277 1276 1274 1272 1269 1267 1266 1266 1264 1262 1259 1255 1251 1248 1248 1242 1239 1234 1230 1226 1221 1217 1214 1212 1211 1208
1464 1458 1453 1448 1445 1441 1434 1425 1415 1405 1397 1387 1376 1369 1364 1361 1358 1356 1351 1347 1345 1344 1341 1337 1333 1330 1328 1322 1319 1318 1317 1318 1316 1314 1312 1309 1305 1304 1303 1303 1303 1304 1302 1299 1293 1288 1285 1288 1290 1290 1290 1291 1291 1290 1289 1285 1281 1278 1276 1275 1273 1272 1271 1270 1270 1268 1266 1262 1259 1255 1252 1247 1245 1244 1241 1238 1234 1230 1227 1224 1222 1221 1220 1217
1460 1454 1446 1441 1438 1434 1426 1416 1406 1398 1389 1379 1370 1365 1363 1361 1360 1360 1359 1359 1358 1359 1356 1351 1344 1339 1335 1330 1326 1326 1325 1325 1324 1326 1323 1320 1317 1316 1315 1312 1309 1307 1306 1303 1300 1296 1293 1293 1294 1294 1294 1293 1290 1288 1284 1279 1277 1275 1273 1272 1270 1269 1268 1268 1265 1265 1261 1260 1258 1255 1254 1246 1243 1241 1241 1240 1238 1234 1230 1227 1225 1224 1222 1220
1462 1453 1445 1437 1431 1426 1419 1407 1398 1392 1385 1380 1377 1376 1375 1374 1371 1370 1371 1375 1378 1378 1376 1372 1366 1359 1354 1348 1341 1339 1338 1339 1338 1337 1336 1334 1328 1323 1319 1316 1312 1308 1305 1301 1299 1297 1295 1293 1292 1291 1291 1289 1286 1283 1279 1277 1275 1273 1271 1268 1267 1268 1270 1266 1262 1261 1260 1259 1255 1252 1250 1244 1242 1240 1239 1237 1235 1233 1231 1228 1227 1225 1223 1219
1465 1454 1438 1432 1420 1412 1406 1399 1396 1392 1389 1391 1394 1396 1398 1394 1391 1392 1393 1395 1396 1394 1390 1390 1389 1386 1383 1377 1371 1365 1360 1353 1348 1345 1343 1337 1331 1326 1322 1319 1316 1314 1310 1306 1302 1298 1296 1292 1286 1283 1283 1283 1282 1280 1277 1275 1274 1273 1271 1270 1268 1270 1271 1267 1265 1263 1260 1258 1255 1251 1250 1246 1244 1239 1240 1240 1239 1238 1234 1232 1229 1227 1227 1223
1459 1440 1438 1430 1413 1410 1409 1406 1404 1404 1404 1408 1409 1409 1412 1414 1412 1412 1411 1412 1410 1404 1399 1397 1396 1393 1389 1386 1381 1375 1368 1361 1354 1349 1347 1343 1340 1336 1333 1330 1325 1320 1315 1309 1306 1304 1303 1298 1292 1285 1281 1279 1276 1274 1273 1271 1272 1271 1271 1270 1268 1271 1270 1266 1266 1264 1263 1257 1254 1250 1245 1245 1243 1240 1240 1241 1241 1242 1240 1239 1238 1237 1235 1231
1447 1440 1436 1431 1426 1419 1418 1417 1417 1419 1421 1422 1424 1423 1425 1426 1425 1425 1425 1425 1424 1419 1415 1410 1404 1402 1394 1390 1385 1380 1374 1367 1360 1353 1348 1346 1343 1338 1335 1333 1330 1324 1313 1307 1306 1307 1306 1303 1298 1293 1288 1282 1274 1270 1267 1266 1266 1267 1268 1270 1267 1268 1266 1265 1263 1261 1260 1257 1254 1251 1249 1245 1242 1241 1241 1241 1241 1241 1240 1239 1239 1238 1236 1229
1449 1442 1443 1441 1429 1430 1431 1431 1430 1431 1433 1435 1439 1440 1439 1437 1438 1439 1437 1436 1435 1433 1430 1425 1420 1415 1409 1405 1399 1390 1381 1373 1365 1358 1353 1350 1347 1344 1340 1336 1334 1329 1320 1312 1310 1308 1307 1304 1302 1298 1292 1286 1278 1272 1268 1265 1262 1261 1262 1263 1264 1264 1263 1262 1261 1260 1257 1257 1254 1250 1248 1248 1245 1243 1239 1239 1237 1239 1239 1238 1237 1237 1232 1227
1451 1450 1450 1448 1447 1449 1448 1448 1448 1447 1449 1451 1457 1461 1457 1454 1453 1450 1449 1449 1447 1446 1441 1436 1431 1426 1419 1414 1405 1395 1384 1376 1371 1363 1356 1351 1345 1340 1335 1331 1329 1325 1318 1314 1311 1309 1306 1302 1300 1296 1294 1288 1283 1279 1275 1270 1265 1261 1259 1258 1259 1260 1260 1261 1261 1259 1257 1254 1251 1248 1247 1246 1243 1242 1244 1242 1239 1237 1236 1235 1231 1231 1228 1225
1460 1461 1465 1468 1467 1463 1459 1458 1462 1463 1464 1469 1473 1473 1473 1471 1467 1464 1461 1463 1460 1453 1445 1438 1432 1428 1423 1419 1411 1403 1395 1388 1381 1369 1354 1344 1337 1332 1330 1329 1326 1322 1316 1311 1308 1307 1304 1300 1296 1293 1291 1289 1286 1283 1280 1276 1271 1265 1262 1261 1260 1260 1260 1260 1259 1258 1254 1250 1248 1247 1245 1244 1243 1241 1242 1239 1237 1233 1232 1228 1226 1225 1224 1223
1473 1475 1479 1481 1481 1477 1472 1470 1470 1472 1474 1478 1482 1481 1481 1483 1482 1476 1473 1470 1465 1457 1448 1439 1434 1433 1429 1422 1413 1405 1398 1391 1383 1371 1353 1341 1336 1335 1334 1333 1332 1329 1326 1320 1313 1310 1305 1303 1299 1294 1290 1288 1283 1278 1277 1276 1274 1270 1268 1266 1266 1266 1265 1263 1260 1255 1252 1249 1247 1245 1243 1240 1239 1240 1238 1235 1232 1230 1228 1227 1223 1223 1222 1223
1497 1494 1492 1492 1490 1485 1481 1477 1476 1480 1483 1488 1489 1489 1491 1494 1494 1489 1485 1478 1474 1466 1455 1446 1439 1434 1429 1421 1412 1403 1395 1388 1380 1371 1358 1349 1344 1343 1339 1338 1337 1333 1330 1323 1316 1311 1307 1306 1302 1297 1292 1287 1281 1275 1273 1272 1269 1267 1267 1267 1269 1268 1268 1268 1262 1257 1252 1249 1245 1241 1238 1237 1237 1235 1234 1232 1229 1226 1225 1224 1222 1223 1223 1221
1515 1512 1510 1505 1502 1500 1496 1491 1489 1489 1493 1498 1499 1496 1498 1502 1504 1507 1500 1491 1485 1478 1471 1462 1452 1439 1429 1420 1413 1403 1393 1384 1376 1372 1367 1360 1355 1353 1353 1353 1350 1342 1336 1326 1322 1314 1307 1312 1303 1299 1294 1289 1280 1275 1274 1274 1275 1275 1275 1272 1270 1269 1267 1267 1262 1255 1252 1247 1244 1241 1239 1237 1234 1232 1231 1229 1227 1223 1221 1222 1221 1222 1223 1222
1531 1528 1528 1526 1523 1520 1513 1507 1504 1503 1505 1509 1510 1508 1508 1514 1518 1518 1514 1506 1499 1493 1486 1478 1465 1448 1433 1423 1417 1408 1397 1386 1377 1373 1371 1369 1363 1363 1364 1365 1362 1357 1348 1338 1330 1325 1311 1309 1305 1299 1296 1289 1282 1278 1279 1281 1284 1285 1285 1280 1278 1275 1271 1265 1261 1257 1251 1249 1245 1242 1239 1236 1234 1232 1230 1230 1226 1222 1218 1217 1217 1219 1219 1222
1551 1546 1543 1542 1542 1536 1531 1526 1521 1518 1518 1521 1524 1525 1523 1522 1525 1528 1524 1518 1509 1500 1492 1486 1474 1454 1436 1426 1420 1411 1398 1390 1382 1377 1375 1376 1376 1373 1370 1370 1372 1368 1363 1356 1344 1335 1326 1318 1307 1299 1293 1292 1291 1288 1289 1291 1293 1292 1289 1285 1280 1276 1265 1267 1263 1260 1259 1255 1249 1243 1237 1234 1232 1231 1230 1229 1229 1224 1222 1218 1217 1218 1219 1219
1570 1565 1560 1556 1553 1548 1541 1534 1529 1526 1523 1525 1529 1534 1536 1535 1532 1530 1528 1523 1515 1502 1491 1485 1475 1460 1444 1433 1422 1411 1398 1390 1387 1385 1384 1385 1386 1387 1389 1389 1386 1378 1373 1369 1362 1349 1337 1327 1315 1303 1297 1295 1298 1297 1296 1294 1292 1289 1283 1282 1282 1276 1271 1268 1266 1266 1264 1258 1253 1247 1241 1238 1236 1235 1233 1233 1231 1227 1223 1220 1219 1219 1220 1219
1586 1580 1575 1567 1563 1559 1552 1542 1533 1530 1531 1532 1536 1541 1545 1544 1539 1530 1523 1518 1509 1497 1482 1474 1467 1458 1448 1438 1428 1417 1407 1399 1396 1393 1392 1394 1395 1397 1399 1399 1397 1392 1386 1379 1369 1355 1341 1330 1319 1310 1304 1305 1306 1304 1298 1292 1287 1283 1279 1278 1279 1276 1275 1271 1268 1266 1263 1260 1256 1251 1245 1240 1237 1235 1234 1232 1230 1227 1227 1225 1225 1225 1223 1222
1605 1597 1590 1579 1575 1570 1565 1553 1544 1539 1538 1542 1545 1548 1548 1545 1535 1521 1510 1503 1493 1480 1469 1461 1455 1449 1442 1436 1428 1423 1415 1406 1399 1394 1393 1393 1393 1394 1395 1394 1393 1391 1385 1375 1361 1345 1335 1325 1319 1315 1312 1311 1308 1305 1297 1292 1287 1282 1278 1277 1278 1278 1275 1273 1270 1265 1262 1262 1256 1253 1246 1241 1238 1237 1235 1232 1228 1225 1224 1224 1223 1224 1222 1220
