input_highsierra/dem84.asc
ncols        387
nrows        170
xllcorner    -118.377601393217
yllcorner    36.483606426649
cellsize     0.000906194390
NODATA_value -32768
[rows 74 to 110 of 170, columns 252 to 335 of 387]
1680 1676 1672 1665 1656 1651 1641 1632 1629 1623 1616 1611 1606 1598 1584 1580 1577 1568 1562 1562 1559 1554 1547 1536 1532 1527 1521 1513 1509 1506 1499 1491 1486 1483 1478 1475 1470 1466 1458 1452 1446 1441 1437 1432 1430 1430 1430 1428 1427 1420 1417 1415 1413 1411 1404 1406 1404 1403 1402 1399 1397 1396 1392 1393 1391 1392 1389 1387 1384 1385 1381 1379 1379 1376 1368 1353 1347 1336 1334 1331 1332 1325 1325 1327
1686 1683 1674 1669 1661 1655 1644 1637 1633 1625 1618 1612 1608 1599 1587 1584 1577 1572 1566 1566 1561 1556 1549 1539 1535 1531 1522 1516 1514 1509 1499 1495 1490 1484 1480 1478 1473 1469 1457 1458 1455 1453 1446 1441 1441 1441 1439 1432 1428 1426 1424 1421 1420 1416 1412 1406 1405 1404 1402 1405 1401 1397 1390 1393 1388 1387 1384 1383 1380 1381 1378 1378 1379 1376 1368 1353 1347 1336 1334 1331 1332 1332 1340 1361
1690 1686 1677 1673 1668 1659 1649 1641 1634 1629 1623 1617 1606 1602 1592 1587 1583 1576 1576 1571 1564 1557 1554 1545 1540 1535 1530 1526 1517 1514 1504 1500 1496 1491 1485 1481 1477 1471 1464 1463 1460 1454 1448 1445 1442 1442 1440 1435 1429 1427 1426 1421 1418 1415 1409 1406 1407 1409 1405 1403 1401 1397 1392 1393 1388 1387 1384 1383 1380 1381 1378 1378 1373 1369 1363 1357 1344 1334 1323 1326 1330 1327 1336 1357
1693 1689 1683 1674 1671 1667 1653 1646 1640 1632 1624 1620 1612 1607 1594 1589 1584 1577 1577 1574 1569 1561 1551 1548 1545 1536 1528 1526 1520 1518 1507 1503 1497 1494 1488 1482 1478 1475 1466 1464 1461 1456 1454 1449 1449 1445 1439 1434 1433 1430 1424 1421 1419 1417 1409 1406 1407 1409 1405 1403 1401 1397 1392 1390 1389 1386 1383 1379 1378 1376 1373 1373 1368 1365 1358 1352 1345 1339 1314 1311 1310 1305 1306 1310
1705 1698 1691 1682 1676 1669 1655 1648 1640 1634 1626 1620 1613 1609 1600 1595 1590 1583 1583 1578 1570 1565 1555 1548 1545 1540 1533 1528 1525 1519 1507 1502 1498 1494 1491 1486 1482 1476 1467 1464 1460 1459 1456 1452 1452 1447 1439 1434 1433 1430 1424 1421 1419 1417 1409 1407 1406 1406 1407 1402 1400 1399 1393 1388 1386 1385 1382 1378 1377 1374 1374 1372 1365 1362 1354 1352 1352 1347 1341 1333 1318 1316 1322 1314
1709 1701 1698 1689 1681 1672 1654 1647 1640 1637 1630 1626 1619 1612 1603 1597 1590 1590 1586 1578 1569 1567 1555 1549 1546 1541 1536 1530 1526 1521 1510 1505 1500 1495 1491 1487 1485 1476 1467 1464 1460 1459 1456 1452 1452 1447 1439 1435 1434 1429 1428 1424 1422 1419 1413 1409 1407 1407 1406 1402 1402 1398 1395 1393 1388 1386 1385 1383 1380 1374 1374 1367 1365 1363 1362 1359 1357 1352 1349 1339 1337 1351 1363 1363
1712 1705 1696 1687 1680 1671 1658 1651 1645 1637 1631 1626 1618 1607 1601 1595 1587 1587 1585 1581 1574 1567 1557 1551 1547 1544 1539 1533 1526 1521 1510 1505 1500 1495 1491 1487 1485 1477 1472 1467 1464 1461 1457 1459 1456 1453 1445 1440 1437 1432 1429 1425 1421 1418 1414 1411 1406 1404 1401 1398 1399 1394 1391 1388 1386 1384 1381 1381 1377 1372 1372 1367 1366 1363 1360 1359 1357 1353 1358 1348 1348 1350 1350 1348
1708 1700 1691 1684 1680 1671 1660 1653 1648 1640 1632 1625 1620 1608 1604 1596 1596 1590 1587 1584 1574 1567 1557 1551 1547 1546 1541 1535 1528 1524 1517 1514 1505 1500 1497 1492 1489 1480 1478 1475 1468 1464 1462 1462 1458 1453 1448 1443 1437 1433 1429 1426 1424 1420 1415 1410 1404 1405 1404 1401 1399 1393 1389 1386 1383 1383 1381 1379 1379 1379 1371 1369 1368 1366 1362 1359 1358 1355 1353 1352 1353 1351 1352 1354
1711 1702 1695 1689 1684 1678 1661 1656 1650 1644 1634 1628 1621 1609 1602 1597 1597 1593 1589 1583 1578 1573 1561 1558 1553 1547 1543 1538 1532 1525 1519 1513 1509 1503 1500 1495 1490 1486 1481 1476 1470 1468 1468 1464 1459 1455 1449 1445 1439 1435 1429 1428 1425 1422 1417 1411 1410 1408 1407 1403 1401 1395 1390 1386 1383 1381 1379 1376 1376 1376 1375 1368 1367 1366 1365 1361 1356 1354 1356 1355 1355 1353 1352 1349
1717 1712 1704 1693 1687 1670 1664 1660 1651 1644 1637 1630 1620 1609 1601 1600 1600 1599 1589 1584 1581 1576 1566 1560 1557 1549 1542 1537 1532 1525 1521 1516 1512 1506 1501 1499 1494 1488 1483 1477 1475 1470 1470 1465 1461 1455 1449 1445 1441 1436 1431 1428 1425 1425 1415 1409 1408 1408 1404 1401 1400 1391 1392 1387 1382 1382 1380 1378 1375 1375 1370 1366 1367 1366 1363 1360 1359 1357 1357 1354 1350 1348 1348 1348
1720 1715 1703 1697 1688 1674 1667 1659 1651 1644 1640 1632 1628 1612 1610 1610 1606 1599 1590 1585 1579 1575 1565 1561 1558 1552 1547 1540 1534 1527 1522 1519 1513 1509 1504 1499 1498 1488 1482 1479 1474 1472 1472 1470 1462 1460 1449 1445 1441 1438 1434 1432 1430 1421 1415 1413 1410 1408 1404 1400 1397 1392 1391 1385 1384 1382 1380 1377 1377 1375 1369 1367 1362 1362 1363 1363 1360 1354 1351 1352 1350 1348 1348 1348
1720 1711 1701 1694 1690 1673 1666 1660 1651 1646 1643 1634 1628 1616 1607 1607 1607 1600 1592 1585 1582 1572 1566 1561 1558 1552 1546 1542 1539 1529 1525 1522 1516 1509 1505 1502 1498 1489 1485 1481 1477 1477 1469 1467 1466 1460 1453 1449 1446 1441 1436 1431 1427 1422 1418 1414 1408 1407 1406 1403 1400 1388 1386 1383 1381 1379 1380 1377 1377 1375 1369 1367 1362 1362 1363 1360 1357 1352 1353 1353 1349 1347 1348 1348
1714 1708 1699 1694 1688 1674 1666 1659 1653 1647 1642 1637 1630 1616 1612 1612 1610 1604 1597 1590 1585 1573 1571 1566 1561 1553 1549 1548 1543 1535 1531 1525 1524 1516 1511 1506 1501 1494 1490 1481 1478 1478 1476 1469 1466 1457 1452 1447 1444 1441 1439 1433 1430 1421 1417 1412 1410 1407 1406 1403 1400 1388 1386 1383 1381 1379 1377 1377 1374 1372 1368 1365 1363 1360 1357 1356 1356 1350 1351 1351 1347 1346 1348 1345
1714 1709 1704 1693 1687 1675 1669 1662 1658 1649 1643 1638 1626 1621 1621 1617 1611 1604 1601 1594 1588 1579 1576 1571 1563 1561 1559 1555 1553 1538 1535 1533 1523 1518 1514 1508 1505 1496 1491 1486 1483 1483 1477 1470 1469 1458 1455 1448 1449 1441 1439 1433 1430 1421 1417 1412 1410 1405 1405 1402 1399 1388 1384 1381 1379 1375 1373 1373 1371 1368 1367 1366 1364 1359 1360 1356 1355 1353 1349 1351 1350 1348 1348 1346
1711 1704 1699 1691 1686 1670 1664 1657 1655 1647 1641 1638 1627 1623 1623 1616 1611 1606 1602 1598 1594 1584 1581 1576 1570 1566 1564 1558 1554 1541 1539 1533 1525 1521 1514 1510 1502 1499 1491 1486 1486 1483 1477 1470 1469 1458 1455 1448 1449 1445 1440 1435 1430 1425 1418 1413 1409 1406 1405 1400 1396 1388 1383 1380 1377 1373 1371 1371 1367 1368 1365 1364 1361 1359 1358 1352 1349 1353 1351 1348 1348 1345 1345 1344
1717 1707 1699 1694 1685 1670 1667 1662 1658 1651 1643 1640 1630 1630 1627 1621 1616 1609 1605 1601 1597 1585 1582 1579 1575 1571 1566 1560 1555 1546 1541 1533 1525 1521 1514 1510 1502 1499 1491 1486 1486 1481 1478 1475 1470 1461 1460 1455 1450 1448 1444 1438 1433 1426 1417 1417 1413 1409 1402 1399 1389 1386 1382 1382 1374 1369 1370 1366 1362 1363 1360 1356 1355 1353 1352 1348 1348 1344 1343 1344 1343 1341 1342 1344
1718 1707 1698 1692 1679 1672 1665 1662 1658 1653 1643 1641 1632 1632 1630 1624 1615 1611 1608 1605 1603 1591 1586 1579 1575 1571 1566 1560 1555 1546 1541 1536 1527 1527 1521 1517 1507 1505 1494 1489 1489 1487 1481 1481 1477 1470 1467 1459 1454 1451 1445 1440 1434 1426 1420 1416 1412 1409 1404 1399 1390 1383 1381 1376 1374 1370 1370 1365 1362 1355 1354 1354 1353 1348 1346 1344 1341 1338 1337 1339 1338 1336 1337 1335
1712 1707 1698 1695 1681 1674 1669 1664 1659 1655 1648 1645 1635 1635 1630 1624 1615 1611 1608 1605 1603 1591 1586 1582 1578 1572 1568 1566 1552 1545 1544 1542 1539 1537 1531 1525 1513 1507 1506 1506 1500 1497 1491 1486 1479 1472 1466 1460 1455 1449 1443 1440 1432 1428 1422 1418 1414 1407 1402 1400 1387 1383 1380 1377 1372 1369 1369 1365 1362 1355 1351 1353 1349 1346 1343 1341 1339 1333 1332 1334 1331 1330 1327 1325
1717 1711 1702 1695 1681 1674 1669 1664 1659 1655 1648 1645 1645 1635 1628 1629 1626 1621 1618 1613 1611 1602 1596 1592 1590 1587 1579 1570 1564 1559 1553 1547 1543 1538 1534 1528 1517 1510 1507 1507 1503 1498 1491 1487 1483 1473 1468 1460 1455 1449 1443 1441 1431 1426 1421 1416 1413 1408 1403 1398 1388 1385 1382 1380 1375 1375 1371 1364 1358 1355 1350 1350 1345 1342 1339 1333 1330 1328 1326 1326 1324 1321 1314 1308
1721 1712 1702 1696 1686 1680 1675 1671 1666 1665 1658 1651 1651 1645 1639 1635 1631 1629 1625 1622 1611 1607 1601 1596 1595 1590 1581 1577 1569 1561 1556 1550 1544 1539 1534 1529 1521 1514 1514 1511 1505 1499 1492 1487 1481 1473 1468 1462 1458 1449 1442 1442 1432 1425 1423 1418 1412 1407 1401 1398 1390 1386 1383 1379 1375 1375 1369 1367 1363 1354 1348 1345 1342 1339 1335 1330 1327 1325 1324 1319 1316 1316 1318 1315
1721 1714 1706 1701 1692 1684 1678 1676 1673 1670 1664 1657 1657 1651 1646 1641 1637 1634 1628 1626 1618 1611 1607 1600 1600 1593 1586 1579 1566 1560 1558 1552 1545 1540 1539 1532 1521 1516 1516 1508 1504 1499 1498 1490 1478 1474 1467 1463 1459 1454 1447 1442 1431 1425 1420 1416 1414 1408 1404 1399 1390 1387 1383 1379 1375 1375 1370 1367 1362 1350 1348 1344 1344 1341 1334 1330 1325 1326 1331 1329 1323 1320 1320 1318
1730 1720 1717 1711 1693 1688 1685 1683 1677 1674 1670 1670 1664 1658 1654 1649 1646 1641 1638 1629 1624 1619 1614 1605 1602 1597 1589 1584 1568 1566 1560 1556 1551 1548 1540 1534 1523 1521 1521 1512 1511 1506 1500 1491 1483 1478 1474 1469 1463 1457 1453 1445 1436 1433 1429 1425 1416 1411 1406 1403 1397 1389 1383 1377 1377 1375 1369 1366 1356 1353 1348 1340 1340 1335 1333 1329 1324 1325 1334 1335 1315 1305 1302 1301
1740 1733 1726 1718 1699 1696 1694 1688 1684 1680 1677 1677 1669 1665 1662 1659 1655 1648 1643 1637 1632 1624 1619 1612 1606 1600 1595 1588 1576 1570 1565 1558 1554 1551 1541 1537 1530 1530 1525 1518 1513 1508 1502 1497 1488 1481 1474 1469 1465 1459 1455 1446 1436 1433 1429 1425 1416 1411 1406 1403 1394 1388 1383 1381 1381 1376 1371 1369 1359 1352 1349 1343 1342 1338 1334 1329 1321 1322 1326 1323 1309 1306 1305 1294
1747 1739 1732 1722 1706 1703 1698 1695 1694 1688 1684 1684 1675 1671 1672 1666 1660 1657 1658 1651 1641 1632 1627 1622 1616 1610 1604 1598 1585 1580 1575 1567 1563 1556 1549 1541 1535 1535 1529 1523 1519 1510 1508 1497 1488 1481 1474 1469 1465 1459 1455 1450 1438 1436 1428 1422 1419 1414 1408 1400 1393 1388 1381 1380 1380 1377 1369 1366 1356 1351 1348 1348 1346 1340 1334 1328 1322 1318 1314 1312 1307 1302 1299 1291
1757 1749 1733 1725 1723 1720 1714 1710 1705 1700 1700 1699 1692 1688 1685 1679 1675 1670 1665 1659 1643 1639 1633 1631 1623 1615 1608 1603 1589 1583 1577 1573 1569 1562 1549 1541 1535 1535 1529 1523 1519 1510 1508 1501 1490 1484 1478 1472 1469 1462 1457 1451 1442 1436 1430 1424 1419 1416 1409 1403 1396 1390 1386 1386 1382 1377 1372 1368 1360 1354 1351 1349 1345 1340 1335 1331 1324 1319 1315 1309 1304 1300 1294 1284
1768 1751 1742 1730 1731 1732 1728 1720 1717 1709 1709 1706 1700 1699 1694 1687 1681 1677 1668 1662 1653 1646 1638 1633 1626 1615 1608 1594 1589 1583 1577 1573 1569 1562 1555 1545 1545 1537 1533 1526 1521 1515 1511 1507 1493 1486 1479 1475 1470 1461 1457 1454 1441 1437 1433 1426 1422 1418 1410 1404 1397 1392 1386 1386 1381 1376 1374 1372 1365 1359 1355 1352 1351 1342 1343 1339 1330 1324 1317 1314 1313 1309 1303 1291
1772 1760 1753 1742 1741 1738 1732 1731 1728 1728 1719 1714 1706 1704 1699 1695 1689 1677 1668 1662 1653 1646 1638 1633 1626 1619 1613 1600 1594 1588 1583 1577 1573 1564 1558 1548 1548 1538 1535 1529 1523 1519 1515 1508 1500 1490 1484 1479 1474 1466 1455 1447 1442 1438 1434 1429 1424 1417 1415 1406 1400 1394 1394 1391 1384 1382 1379 1376 1371 1361 1362 1359 1349 1348 1349 1341 1335 1328 1326 1323 1317 1312 1309 1292
1782 1772 1764 1751 1748 1746 1743 1743 1728 1728 1719 1714 1706 1704 1699 1695 1689 1682 1675 1669 1654 1648 1640 1635 1627 1621 1616 1601 1596 1591 1584 1579 1574 1568 1564 1548 1548 1543 1539 1537 1529 1528 1519 1511 1495 1491 1485 1479 1474 1467 1460 1448 1441 1437 1434 1433 1429 1423 1416 1406 1401 1394 1394 1389 1385 1383 1381 1380 1378 1373 1368 1363 1358 1358 1358 1352 1345 1342 1336 1331 1325 1322 1316 1301
1782 1772 1764 1751 1748 1746 1743 1743 1734 1734 1731 1727 1715 1709 1704 1699 1692 1684 1680 1666 1659 1656 1650 1645 1638 1631 1623 1610 1606 1599 1594 1586 1581 1574 1567 1567 1557 1553 1541 1536 1529 1526 1521 1505 1497 1493 1487 1479 1476 1466 1462 1451 1443 1440 1440 1435 1428 1424 1418 1410 1404 1399 1399 1396 1391 1390 1389 1390 1387 1386 1374 1368 1363 1364 1364 1362 1358 1351 1345 1338 1333 1325 1321 1308
1801 1787 1771 1761 1770 1767 1764 1764 1764 1758 1751 1745 1731 1724 1717 1709 1701 1692 1682 1670 1665 1660 1652 1650 1640 1634 1625 1612 1607 1603 1597 1589 1582 1577 1570 1570 1560 1551 1541 1537 1532 1526 1519 1506 1501 1494 1489 1482 1477 1469 1466 1457 1452 1449 1441 1434 1431 1425 1422 1416 1410 1410 1406 1404 1398 1396 1396 1394 1392 1382 1374 1368 1369 1370 1370 1367 1366 1357 1351 1346 1337 1325 1321 1308
1825 1811 1796 1785 1781 1780 1779 1772 1772 1765 1758 1746 1739 1729 1721 1711 1706 1697 1690 1678 1671 1664 1658 1648 1642 1638 1632 1617 1612 1604 1598 1592 1586 1578 1578 1572 1562 1552 1544 1540 1535 1527 1521 1508 1505 1499 1491 1485 1480 1475 1472 1460 1454 1449 1443 1437 1435 1427 1423 1418 1413 1413 1410 1405 1402 1400 1401 1397 1392 1384 1381 1379 1369 1370 1370 1367 1369 1361 1355 1350 1343 1336 1327 1309
1837 1820 1808 1794 1791 1794 1788 1788 1780 1776 1769 1752 1745 1737 1728 1717 1712 1706 1697 1681 1675 1670 1663 1653 1649 1644 1636 1625 1618 1610 1602 1596 1591 1581 1581 1570 1561 1554 1550 1544 1538 1532 1523 1512 1505 1501 1493 1488 1482 1475 1469 1460 1455 1447 1443 1439 1434 1425 1424 1420 1417 1417 1413 1408 1409 1404 1406 1397 1390 1391 1390 1387 1381 1386 1384 1372 1368 1362 1356 1350 1341 1331 1324 1309
1850 1833 1821 1804 1802 1801 1797 1797 1790 1785 1781 1760 1748 1740 1733 1725 1717 1709 1699 1682 1678 1675 1667 1662 1651 1647 1640 1628 1620 1616 1604 1598 1591 1587 1587 1570 1565 1559 1551 1544 1540 1532 1526 1513 1509 1503 1493 1488 1487 1479 1474 1462 1458 1451 1444 1442 1438 1434 1429 1423 1423 1419 1417 1416 1415 1413 1408 1399 1398 1397 1391 1387 1386 1390 1389 1373 1369 1365 1356 1350 1340 1333 1320 1316
1872 1850 1827 1817 1812 1811 1807 1807 1809 1808 1801 1766 1750 1737 1728 1726 1717 1711 1704 1691 1683 1678 1673 1668 1656 1658 1644 1633 1624 1620 1613 1608 1600 1600 1590 1578 1569 1559 1552 1548 1540 1533 1526 1513 1509 1503 1497 1493 1490 1484 1479 1464 1461 1455 1448 1444 1443 1442 1432 1428 1428 1425 1422 1420 1419 1414 1411 1404 1404 1400 1393 1395 1392 1391 1390 1378 1367 1364 1357 1352 1346 1337 1325 1324
1893 1873 1842 1827 1825 1833 1833 1900 1903 1879 1845 1779 1745 1736 1735 1732 1726 1721 1716 1705 1699 1693 1685 1676 1670 1664 1647 1639 1624 1620 1613 1608 1600 1600 1590 1578 1569 1563 1556 1550 1543 1536 1529 1516 1510 1506 1501 1496 1489 1484 1473 1469 1463 1456 1456 1451 1446 1444 1438 1436 1436 1430 1426 1423 1423 1420 1416 1407 1405 1402 1397 1397 1396 1394 1391 1382 1378 1371 1362 1355 1348 1340 1334 1330
1893 1868 1858 1865 1894 1930 1930 1949 1933 1896 1856 1787 1760 1747 1746 1743 1735 1728 1724 1713 1699 1693 1685 1676 1670 1664 1647 1639 1631 1625 1618 1611 1602 1602 1595 1581 1574 1568 1558 1551 1547 1539 1534 1521 1517 1509 1504 1496 1493 1487 1473 1468 1464 1463 1458 1454 1451 1449 1441 1441 1440 1437 1429 1428 1425 1424 1420 1410 1407 1405 1403 1401 1401 1396 1387 1381 1380 1372 1366 1359 1363 1359 1343 1339
1887 1873 1875 1898 1939 1972 1972 1984 1949 1909 1867 1787 1760 1747 1746 1743 1735 1728 1718 1713 1707 1700 1693 1684 1676 1667 1651 1641 1632 1625 1618 1611 1611 1604 1598 1583 1578 1569 1562 1557 1548 1540 1535 1524 1520 1513 1507 1500 1495 1489 1478 1472 1471 1466 1462 1460 1457 1454 1448 1448 1441 1437 1438 1438 1435 1434 1430 1419 1414 1411 1408 1405 1399 1398 1390 1388 1384 1380 1373 1374 1366 1361 1351 1343
