input_highsierra/dem84_30.asc
ncols        1263
nrows        555
xllcorner    -118.377638888889
yllcorner    36.483750000000
cellsize     0.000277777778
NODATA_value -9999
[rows 456 to 493 of 555, columns 1176 to 1259 of 1263]
1253 1249 1243 1238 1237 1235 1233 1227 1216 1213 1212 1209 1208 1206 1207 1208 1208 1207 1204 1201 1198 1196 1194 1193 1193 1192 1193 1192 1190 1187 1184 1185 1184 1183 1183 1183 1183 1182 1181 1180 1181 1182 1179 1174 1170 1166 1163 1161 1158 1154 1151 1149 1148 1147 1143 1135 1126 1118 1112 1112 1113 1115 1115 1113 1109 1104 1105 1109 1107 1104 1100 1095 1091 1086 1083 1083 1082 1083 1082 1082 1081 1081 1081 1081
1260 1256 1251 1247 1242 1239 1236 1230 1222 1216 1210 1207 1206 1206 1204 1207 1207 1206 1204 1201 1200 1196 1195 1195 1194 1193 1191 1189 1189 1188 1185 1183 1183 1184 1183 1183 1183 1184 1183 1181 1180 1180 1176 1173 1168 1165 1162 1159 1155 1151 1148 1147 1146 1146 1144 1138 1132 1124 1116 1112 1114 1116 1115 1117 1113 1109 1108 1109 1109 1103 1099 1093 1088 1085 1082 1081 1081 1080 1080 1081 1082 1082 1082 1082
1264 1258 1254 1250 1245 1242 1240 1235 1226 1218 1213 1210 1211 1207 1209 1209 1207 1205 1203 1199 1200 1199 1196 1197 1195 1195 1192 1191 1187 1187 1185 1183 1183 1184 1183 1182 1182 1182 1183 1184 1183 1184 1183 1181 1178 1175 1170 1165 1159 1154 1147 1143 1144 1145 1143 1140 1134 1127 1119 1114 1114 1114 1116 1116 1118 1114 1111 1110 1108 1102 1095 1090 1087 1084 1081 1080 1079 1079 1078 1078 1079 1081 1082 1081
1264 1260 1257 1253 1249 1246 1244 1238 1228 1219 1216 1212 1211 1210 1210 1209 1207 1205 1203 1200 1200 1199 1196 1195 1194 1195 1192 1190 1186 1185 1184 1182 1183 1184 1182 1180 1180 1180 1180 1181 1183 1184 1183 1182 1182 1181 1178 1174 1167 1160 1153 1148 1144 1143 1142 1139 1135 1128 1123 1117 1112 1115 1117 1118 1119 1116 1115 1113 1110 1104 1095 1089 1086 1086 1083 1080 1077 1076 1076 1077 1079 1082 1083 1083
1268 1263 1261 1258 1254 1249 1242 1233 1226 1220 1217 1213 1211 1213 1210 1207 1206 1204 1202 1200 1198 1198 1196 1195 1195 1194 1193 1191 1189 1187 1185 1184 1184 1182 1180 1179 1180 1180 1178 1180 1183 1182 1181 1180 1179 1178 1177 1176 1173 1166 1161 1154 1146 1139 1142 1140 1137 1132 1129 1123 1118 1114 1112 1116 1116 1116 1116 1117 1113 1110 1098 1091 1088 1089 1087 1084 1081 1079 1078 1077 1078 1081 1082 1083
1275 1271 1266 1262 1258 1251 1241 1231 1223 1219 1217 1212 1210 1211 1208 1207 1205 1201 1199 1198 1197 1197 1197 1194 1193 1192 1192 1191 1190 1188 1185 1183 1182 1179 1177 1176 1179 1178 1179 1181 1182 1180 1180 1178 1176 1175 1172 1170 1168 1163 1154 1147 1147 1144 1138 1140 1140 1136 1131 1127 1120 1116 1113 1117 1119 1121 1116 1118 1117 1112 1104 1093 1087 1087 1086 1084 1083 1081 1079 1078 1078 1080 1080 1082
1276 1270 1262 1256 1252 1248 1244 1234 1225 1221 1218 1214 1211 1210 1210 1209 1205 1202 1199 1199 1198 1197 1195 1193 1192 1192 1192 1193 1190 1189 1186 1184 1183 1181 1178 1176 1177 1177 1178 1181 1179 1179 1180 1178 1176 1172 1169 1168 1166 1161 1155 1150 1149 1145 1138 1144 1142 1138 1134 1130 1123 1119 1116 1118 1119 1122 1120 1117 1117 1113 1107 1098 1087 1083 1081 1081 1082 1082 1081 1079 1077 1076 1078 1079
1271 1263 1256 1249 1245 1242 1239 1235 1229 1223 1219 1216 1213 1212 1211 1210 1208 1204 1200 1201 1199 1196 1194 1193 1193 1193 1194 1192 1190 1188 1184 1182 1182 1182 1178 1176 1178 1179 1177 1179 1180 1180 1178 1175 1173 1170 1166 1165 1162 1159 1155 1152 1147 1149 1146 1147 1144 1141 1138 1135 1130 1127 1119 1112 1119 1121 1119 1116 1114 1114 1110 1104 1092 1085 1080 1078 1078 1080 1078 1078 1078 1080 1080 1079
1266 1257 1249 1242 1239 1238 1236 1232 1228 1225 1221 1219 1217 1214 1212 1210 1207 1203 1200 1199 1197 1197 1194 1193 1193 1193 1192 1190 1189 1187 1186 1184 1183 1182 1179 1177 1175 1177 1178 1177 1178 1178 1177 1173 1172 1171 1169 1165 1161 1157 1154 1148 1147 1150 1149 1149 1145 1141 1136 1134 1133 1130 1124 1116 1116 1118 1118 1115 1115 1111 1114 1109 1102 1088 1082 1079 1077 1077 1079 1078 1081 1081 1081 1082
1259 1251 1246 1242 1239 1235 1230 1227 1224 1222 1221 1221 1218 1215 1211 1210 1208 1204 1201 1199 1198 1196 1195 1194 1193 1191 1188 1189 1189 1188 1188 1188 1188 1185 1182 1180 1177 1176 1175 1176 1176 1175 1175 1174 1173 1171 1168 1166 1164 1161 1156 1152 1147 1148 1148 1149 1148 1142 1135 1131 1131 1129 1123 1116 1112 1117 1116 1117 1113 1113 1116 1112 1101 1094 1083 1080 1077 1076 1076 1076 1077 1081 1083 1083
1254 1247 1244 1243 1240 1235 1228 1223 1220 1218 1217 1217 1216 1214 1213 1211 1210 1206 1201 1200 1199 1198 1197 1197 1194 1191 1189 1188 1187 1188 1187 1186 1186 1184 1182 1180 1179 1177 1176 1174 1174 1172 1172 1172 1171 1170 1168 1167 1166 1163 1157 1151 1145 1144 1145 1147 1149 1147 1141 1136 1132 1129 1124 1118 1113 1116 1119 1117 1115 1113 1116 1114 1102 1093 1088 1082 1080 1079 1076 1075 1077 1078 1079 1080
1255 1250 1246 1244 1241 1235 1228 1222 1219 1218 1215 1214 1214 1214 1212 1211 1209 1205 1203 1201 1200 1200 1200 1199 1197 1194 1190 1188 1188 1188 1187 1186 1185 1184 1181 1179 1178 1177 1175 1173 1171 1172 1170 1169 1168 1167 1166 1164 1163 1160 1155 1149 1144 1143 1144 1145 1147 1148 1146 1141 1138 1132 1127 1123 1114 1116 1119 1119 1114 1115 1115 1114 1106 1095 1088 1083 1082 1079 1076 1074 1076 1076 1077 1077
1253 1249 1246 1244 1240 1235 1229 1224 1222 1219 1214 1213 1213 1214 1214 1212 1207 1204 1202 1199 1199 1200 1199 1199 1198 1196 1193 1191 1189 1188 1185 1184 1184 1184 1182 1179 1179 1178 1177 1174 1171 1172 1171 1168 1166 1164 1163 1163 1160 1157 1153 1148 1145 1144 1142 1145 1147 1149 1148 1146 1142 1139 1134 1129 1115 1117 1120 1121 1118 1114 1112 1113 1104 1096 1090 1083 1083 1081 1081 1079 1078 1078 1077 1076
1255 1251 1246 1244 1241 1236 1230 1227 1223 1219 1213 1212 1212 1213 1211 1209 1205 1203 1201 1200 1199 1199 1199 1198 1197 1196 1194 1192 1189 1188 1184 1183 1181 1179 1179 1178 1177 1177 1176 1175 1173 1170 1170 1166 1164 1163 1161 1161 1159 1156 1153 1149 1147 1146 1145 1148 1148 1147 1147 1145 1141 1138 1135 1134 1122 1117 1121 1124 1119 1115 1111 1106 1110 1093 1089 1085 1086 1086 1084 1082 1083 1081 1077 1077
1249 1246 1244 1243 1240 1234 1229 1227 1225 1223 1221 1216 1214 1212 1209 1206 1204 1203 1199 1198 1199 1199 1198 1197 1195 1193 1193 1192 1189 1185 1184 1183 1181 1181 1180 1179 1179 1178 1178 1176 1172 1168 1167 1165 1163 1162 1160 1159 1157 1155 1153 1151 1149 1148 1148 1148 1149 1146 1143 1141 1138 1137 1134 1131 1125 1118 1117 1119 1122 1117 1105 1110 1110 1103 1093 1086 1084 1083 1082 1081 1082 1081 1080 1078
1247 1245 1244 1242 1238 1234 1231 1229 1229 1223 1221 1217 1215 1213 1211 1208 1203 1201 1197 1195 1196 1197 1196 1195 1192 1192 1191 1190 1188 1185 1185 1185 1185 1183 1183 1180 1178 1177 1177 1175 1172 1168 1166 1164 1160 1158 1156 1155 1156 1155 1154 1153 1151 1148 1149 1147 1147 1146 1144 1140 1136 1133 1130 1128 1121 1116 1110 1117 1117 1114 1115 1110 1112 1100 1093 1087 1083 1081 1082 1082 1082 1080 1080 1080
1247 1245 1244 1240 1238 1236 1234 1232 1229 1224 1220 1216 1215 1213 1213 1209 1204 1203 1200 1196 1196 1197 1197 1196 1195 1194 1191 1189 1187 1185 1183 1184 1184 1183 1181 1178 1177 1176 1175 1174 1172 1169 1166 1163 1161 1160 1157 1153 1155 1156 1157 1154 1150 1145 1147 1146 1145 1146 1142 1140 1136 1133 1131 1130 1127 1121 1113 1111 1120 1119 1117 1113 1108 1102 1098 1091 1085 1084 1083 1083 1081 1081 1082 1079
1246 1244 1242 1238 1237 1234 1232 1229 1225 1222 1221 1216 1217 1215 1214 1212 1209 1207 1204 1201 1199 1197 1197 1195 1195 1194 1191 1190 1188 1186 1183 1182 1182 1181 1179 1177 1178 1176 1175 1173 1171 1168 1167 1164 1162 1160 1160 1158 1156 1157 1155 1155 1152 1140 1135 1143 1149 1142 1141 1136 1133 1133 1133 1131 1127 1121 1117 1123 1125 1123 1119 1116 1109 1107 1097 1094 1090 1087 1084 1082 1080 1080 1080 1082
1247 1246 1244 1241 1238 1233 1229 1224 1221 1217 1215 1215 1217 1217 1216 1212 1208 1207 1206 1204 1200 1196 1195 1195 1194 1192 1191 1190 1188 1186 1184 1182 1180 1179 1179 1179 1178 1177 1174 1172 1169 1168 1167 1165 1161 1158 1158 1159 1159 1157 1155 1157 1155 1136 1131 1140 1144 1142 1138 1137 1134 1134 1131 1130 1130 1126 1119 1119 1120 1120 1117 1113 1109 1105 1097 1093 1089 1087 1085 1083 1080 1080 1080 1081
1248 1247 1246 1243 1239 1233 1228 1224 1223 1221 1219 1219 1218 1216 1215 1214 1208 1208 1205 1204 1200 1196 1193 1193 1192 1191 1190 1188 1187 1185 1184 1182 1178 1176 1177 1176 1175 1172 1170 1168 1167 1167 1167 1164 1159 1155 1155 1156 1156 1155 1154 1152 1151 1133 1135 1137 1140 1140 1135 1135 1134 1132 1129 1131 1130 1123 1120 1116 1115 1118 1114 1114 1109 1105 1097 1089 1085 1086 1084 1084 1081 1079 1082 1080
1249 1247 1245 1243 1242 1236 1231 1227 1225 1224 1224 1222 1219 1217 1215 1211 1206 1204 1203 1202 1199 1196 1194 1192 1191 1191 1190 1189 1187 1185 1185 1183 1179 1176 1174 1172 1172 1169 1166 1164 1165 1166 1166 1163 1159 1157 1156 1156 1152 1153 1152 1147 1138 1130 1134 1136 1135 1135 1133 1136 1137 1134 1134 1133 1133 1128 1115 1114 1110 1109 1110 1113 1109 1105 1099 1092 1087 1085 1084 1083 1079 1080 1082 1080
1249 1247 1246 1245 1245 1242 1237 1230 1228 1228 1227 1225 1222 1218 1216 1212 1206 1203 1203 1199 1196 1194 1192 1191 1191 1191 1188 1186 1183 1182 1182 1182 1180 1178 1177 1174 1171 1171 1167 1165 1164 1164 1165 1162 1158 1156 1154 1154 1151 1150 1150 1147 1143 1131 1133 1134 1139 1137 1139 1139 1139 1138 1135 1132 1133 1131 1119 1107 1106 1107 1110 1110 1107 1102 1098 1090 1087 1085 1085 1081 1082 1081 1081 1080
1248 1247 1248 1247 1246 1243 1238 1233 1230 1229 1227 1224 1222 1220 1217 1213 1208 1204 1203 1199 1198 1196 1193 1192 1192 1191 1190 1187 1186 1183 1180 1180 1180 1178 1177 1175 1173 1170 1165 1166 1165 1164 1162 1160 1157 1153 1153 1152 1152 1151 1151 1151 1148 1148 1147 1144 1144 1142 1136 1139 1141 1139 1135 1134 1132 1131 1119 1108 1101 1109 1111 1109 1110 1110 1105 1098 1093 1088 1086 1085 1084 1082 1079 1080
1247 1248 1249 1246 1244 1242 1239 1235 1231 1227 1223 1224 1225 1218 1216 1213 1210 1206 1204 1200 1198 1197 1195 1192 1192 1191 1191 1189 1188 1184 1181 1180 1181 1179 1176 1173 1173 1169 1166 1164 1163 1162 1160 1159 1157 1156 1152 1150 1150 1152 1152 1153 1152 1151 1149 1146 1145 1140 1139 1136 1136 1138 1139 1135 1131 1126 1117 1103 1097 1105 1116 1115 1112 1114 1113 1108 1101 1096 1092 1088 1085 1082 1081 1081
1245 1246 1245 1243 1240 1239 1237 1234 1231 1228 1225 1223 1220 1217 1216 1213 1210 1206 1203 1199 1195 1195 1195 1194 1191 1188 1189 1188 1188 1186 1184 1182 1182 1181 1177 1173 1171 1168 1166 1165 1163 1162 1160 1159 1158 1156 1153 1152 1151 1152 1152 1154 1155 1153 1145 1144 1146 1142 1140 1137 1136 1140 1140 1137 1130 1124 1104 1094 1091 1090 1112 1114 1112 1111 1113 1114 1111 1106 1101 1098 1093 1087 1083 1080
1245 1244 1242 1239 1238 1236 1234 1232 1231 1228 1224 1221 1217 1215 1213 1211 1209 1207 1204 1203 1201 1198 1197 1194 1189 1188 1186 1187 1188 1186 1185 1181 1180 1177 1175 1173 1172 1169 1166 1163 1161 1160 1157 1156 1155 1153 1153 1152 1151 1152 1149 1152 1157 1152 1145 1143 1143 1143 1141 1142 1141 1142 1138 1133 1127 1107 1095 1088 1084 1083 1110 1111 1108 1106 1111 1113 1114 1113 1111 1106 1100 1095 1089 1084
1246 1244 1242 1239 1236 1233 1231 1231 1229 1226 1223 1219 1216 1214 1213 1212 1209 1207 1207 1206 1204 1202 1200 1197 1192 1187 1187 1186 1187 1187 1185 1181 1177 1175 1173 1172 1172 1168 1165 1162 1160 1159 1156 1153 1152 1153 1155 1155 1156 1151 1153 1154 1153 1148 1146 1142 1141 1140 1138 1139 1141 1140 1139 1136 1127 1107 1087 1080 1077 1079 1111 1109 1108 1108 1110 1112 1113 1113 1114 1113 1109 1102 1093 1089
1244 1242 1241 1239 1238 1233 1230 1229 1226 1221 1218 1216 1213 1212 1212 1211 1209 1207 1206 1203 1201 1200 1200 1198 1192 1186 1184 1184 1186 1186 1184 1180 1177 1175 1173 1171 1170 1166 1163 1159 1159 1159 1155 1153 1152 1155 1154 1156 1154 1153 1154 1155 1153 1145 1144 1141 1139 1137 1135 1137 1138 1138 1135 1138 1131 1112 1089 1085 1083 1106 1111 1114 1110 1112 1112 1112 1111 1111 1111 1112 1110 1104 1096 1090
1241 1241 1241 1239 1237 1233 1229 1225 1218 1217 1216 1214 1211 1210 1209 1208 1208 1206 1204 1202 1200 1199 1200 1197 1193 1186 1184 1183 1184 1184 1182 1181 1178 1173 1169 1167 1166 1166 1164 1161 1159 1158 1155 1154 1153 1154 1152 1152 1147 1154 1154 1152 1149 1145 1142 1141 1140 1138 1138 1139 1137 1138 1137 1133 1132 1122 1094 1087 1085 1107 1116 1114 1111 1110 1113 1114 1114 1112 1110 1110 1110 1107 1101 1095
1239 1240 1238 1236 1235 1232 1228 1224 1218 1215 1214 1212 1210 1209 1209 1208 1207 1207 1206 1204 1202 1201 1200 1197 1193 1188 1183 1183 1183 1183 1183 1182 1179 1174 1170 1167 1166 1164 1164 1163 1161 1159 1156 1155 1153 1152 1153 1151 1150 1154 1147 1147 1144 1140 1137 1137 1138 1138 1140 1142 1139 1136 1136 1131 1128 1120 1096 1091 1098 1102 1115 1115 1116 1116 1116 1116 1116 1115 1115 1114 1115 1111 1106 1100
1241 1242 1238 1234 1233 1231 1226 1223 1222 1222 1219 1215 1212 1211 1210 1209 1205 1204 1204 1204 1203 1201 1199 1196 1193 1187 1186 1182 1180 1178 1178 1179 1175 1171 1169 1166 1163 1161 1161 1162 1161 1160 1155 1152 1153 1151 1148 1148 1154 1151 1149 1144 1139 1137 1137 1137 1138 1139 1139 1138 1135 1132 1133 1133 1128 1119 1089 1094 1100 1107 1107 1117 1120 1119 1118 1119 1120 1119 1116 1117 1115 1112 1107 1102
1238 1238 1234 1233 1229 1229 1224 1222 1222 1221 1219 1215 1212 1211 1209 1206 1204 1202 1203 1202 1200 1200 1199 1198 1198 1197 1193 1189 1185 1181 1176 1172 1168 1168 1167 1164 1161 1160 1160 1161 1161 1159 1157 1154 1151 1152 1150 1149 1154 1149 1147 1142 1139 1139 1133 1136 1135 1134 1135 1135 1133 1132 1132 1132 1127 1112 1103 1096 1091 1100 1110 1116 1118 1116 1117 1117 1120 1120 1119 1117 1115 1113 1111 1108
1236 1238 1236 1231 1229 1227 1222 1219 1217 1217 1217 1215 1213 1209 1204 1201 1201 1199 1199 1200 1198 1199 1199 1200 1200 1200 1197 1191 1184 1181 1177 1170 1165 1163 1162 1163 1162 1161 1159 1160 1159 1160 1161 1159 1158 1151 1148 1146 1146 1148 1147 1143 1140 1138 1132 1134 1133 1135 1134 1133 1133 1131 1129 1124 1124 1110 1103 1095 1100 1120 1118 1119 1118 1115 1117 1119 1120 1119 1119 1120 1120 1118 1118 1115
1238 1238 1236 1234 1228 1224 1221 1218 1217 1215 1214 1213 1212 1209 1206 1205 1201 1200 1198 1198 1200 1201 1202 1203 1202 1200 1196 1190 1187 1180 1176 1170 1164 1160 1159 1162 1163 1163 1160 1157 1157 1158 1159 1159 1159 1152 1147 1147 1145 1146 1145 1144 1141 1138 1134 1133 1135 1135 1132 1132 1134 1134 1131 1124 1119 1105 1096 1099 1117 1122 1121 1117 1116 1116 1116 1117 1122 1120 1122 1123 1122 1122 1121 1121
1236 1236 1234 1230 1224 1221 1220 1217 1215 1214 1212 1210 1208 1208 1208 1206 1203 1202 1202 1202 1201 1204 1206 1207 1206 1202 1196 1189 1182 1177 1173 1169 1163 1158 1157 1159 1161 1162 1160 1160 1156 1155 1157 1155 1155 1143 1143 1148 1148 1148 1147 1144 1141 1139 1136 1134 1133 1131 1130 1129 1130 1128 1122 1117 1108 1099 1099 1115 1119 1122 1118 1118 1114 1114 1116 1117 1118 1121 1122 1122 1122 1122 1120 1120
1231 1231 1225 1223 1221 1220 1218 1216 1213 1212 1211 1210 1207 1206 1206 1203 1203 1205 1207 1207 1206 1206 1206 1207 1204 1198 1195 1189 1182 1177 1172 1166 1162 1159 1158 1157 1157 1158 1158 1158 1155 1155 1152 1150 1143 1149 1148 1149 1150 1148 1147 1143 1140 1137 1132 1130 1132 1131 1131 1127 1125 1126 1119 1115 1109 1101 1102 1109 1119 1117 1116 1113 1115 1114 1116 1116 1114 1117 1119 1119 1120 1121 1120 1117
1225 1221 1214 1214 1224 1222 1219 1220 1214 1212 1211 1208 1207 1206 1205 1204 1203 1203 1204 1204 1205 1205 1204 1202 1197 1192 1190 1186 1181 1176 1171 1167 1161 1158 1158 1157 1156 1155 1155 1157 1156 1152 1150 1148 1147 1146 1151 1150 1150 1148 1145 1139 1135 1133 1130 1130 1133 1131 1131 1127 1125 1123 1114 1119 1107 1102 1097 1111 1115 1115 1112 1113 1115 1113 1113 1112 1115 1115 1117 1116 1117 1119 1120 1119
1221 1215 1213 1214 1220 1222 1221 1219 1216 1214 1210 1207 1205 1204 1203 1200 1199 1200 1202 1202 1200 1198 1195 1191 1187 1184 1183 1181 1177 1174 1172 1169 1166 1162 1159 1157 1155 1154 1154 1157 1158 1153 1152 1153 1149 1150 1152 1154 1149 1145 1141 1134 1134 1132 1129 1130 1131 1131 1130 1128 1121 1120 1117 1112 1109 1099 1098 1108 1113 1113 1114 1117 1118 1117 1114 1117 1116 1116 1116 1116 1116 1118 1120 1122
