input_highsierra/dem84.asc
ncols        387
nrows        170
xllcorner    -118.377601393217
yllcorner    36.483606426649
cellsize     0.000906194390
NODATA_value -32768
[rows 0 to 36 of 170, columns 252 to 335 of 387]
-32768 -32768 -32768 -32768 -32768 -32768 -32768 -32768 -32768 -32768 -32768 -32768 -32768 -32768 -32768 -32768 -32768 -32768 -32768 -32768 -32768 -32768 -32768 -32768 -32768 -32768 -32768 -32768 -32768 -32768 -32768 -32768 -32768 -32768 -32768 -32768 -32768 -32768 -32768 -32768 -32768 -32768 -32768 -32768 -32768 -32768 -32768 -32768 -32768 -32768 -32768 -32768 -32768 -32768 -32768 -32768 -32768 -32768 -32768 -32768 -32768 -32768 -32768 -32768 -32768 -32768 -32768 -32768 -32768 -32768 -32768 -32768 -32768 -32768 -32768 -32768 -32768 -32768 -32768 -32768 -32768 -32768 -32768 -32768
-32768 -32768 -32768 -32768 -32768 -32768 -32768 -32768 -32768 -32768 -32768 -32768 -32768 -32768 -32768 -32768 -32768 -32768 -32768 -32768 -32768 -32768 -32768 -32768 -32768 -32768 -32768 -32768 -32768 -32768 -32768 -32768 -32768 -32768 -32768 -32768 -32768 -32768 -32768 -32768 -32768 -32768 -32768 -32768 -32768 -32768 -32768 -32768 -32768 -32768 -32768 -32768 -32768 -32768 -32768 -32768 -32768 -32768 -32768 -32768 -32768 -32768 -32768 -32768 -32768 -32768 -32768 -32768 -32768 -32768 -32768 -32768 -32768 -32768 -32768 -32768 -32768 -32768 -32768 -32768 -32768 -32768 -32768 -32768
-32768 -32768 -32768 -32768 -32768 -32768 -32768 -32768 -32768 -32768 -32768 -32768 -32768 -32768 -32768 -32768 -32768 -32768 -32768 -32768 -32768 -32768 -32768 -32768 -32768 -32768 -32768 -32768 -32768 -32768 -32768 -32768 -32768 -32768 -32768 -32768 -32768 -32768 -32768 -32768 -32768 -32768 -32768 -32768 -32768 -32768 -32768 -32768 -32768 -32768 -32768 -32768 -32768 -32768 -32768 -32768 -32768 -32768 -32768 -32768 -32768 -32768 -32768 -32768 -32768 -32768 -32768 -32768 -32768 -32768 -32768 -32768 -32768 -32768 -32768 -32768 -32768 -32768 -32768 -32768 -32768 -32768 -32768 -32768
-32768 -32768 -32768 -32768 -32768 -32768 -32768 -32768 -32768 -32768 -32768 -32768 -32768 -32768 -32768 -32768 -32768 -32768 -32768 -32768 -32768 -32768 -32768 -32768 -32768 -32768 -32768 -32768 1476 1488 1483 -32768 -32768 -32768 -32768 -32768 -32768 -32768 -32768 -32768 -32768 -32768 -32768 -32768 -32768 -32768 -32768 -32768 -32768 -32768 -32768 -32768 -32768 -32768 -32768 -32768 -32768 -32768 -32768 -32768 -32768 -32768 -32768 -32768 -32768 -32768 -32768 -32768 -32768 -32768 -32768 -32768 -32768 -32768 -32768 -32768 -32768 -32768 -32768 -32768 -32768 -32768 -32768 -32768
1491 1486 1484 1483 1483 1482 1477 1476 1474 1471 1467 1473 1467 1468 1469 1468 1469 1468 1465 1465 1464 1464 1460 1459 1460 1461 1462 1471 1476 1488 1483 1491 1504 1520 1552 1556 1555 1558 1574 1597 1615 1614 1587 1557 1557 1517 1438 1406 1391 1382 1371 1365 1359 1346 1316 1291 1254 1235 1228 1225 1238 1247 1258 1267 1267 1252 1225 1187 1164 1134 1134 1130 1142 1138 1137 1133 1132 1128 1129 1121 1121 1120 1118 1119
1495 1493 1492 1492 1491 1488 1483 1476 1476 1474 1475 1474 1472 1474 1469 1468 1469 1468 1468 1465 1464 1464 1460 1459 1455 1457 1462 1469 1470 1476 1475 1480 1487 1497 1514 1522 1524 1527 1559 1588 1599 1604 1593 1568 1568 1535 1456 1414 1389 1380 1363 1342 1332 1333 1294 1284 1258 1247 1259 1254 1263 1289 1302 1294 1287 1273 1249 1207 1171 1145 1145 1137 1133 1139 1134 1131 1133 1133 1130 1123 1121 1120 1120 1123
1498 1496 1499 1496 1497 1488 1483 1476 1476 1474 1475 1474 1472 1474 1473 1475 1474 1473 1473 1470 1468 1466 1464 1462 1460 1463 1466 1465 1466 1471 1472 1471 1479 1483 1490 1494 1502 1504 1554 1580 1586 1590 1579 1559 1559 1537 1457 1422 1403 1395 1370 1345 1333 1315 1283 1274 1267 1270 1292 1288 1289 1305 1313 1299 1285 1270 1236 1219 1196 1145 1145 1136 1135 1133 1138 1135 1134 1136 1132 1132 1129 1124 1123 1122
1498 1496 1499 1496 1497 1492 1482 1480 1479 1479 1477 1475 1474 1476 1481 1481 1479 1477 1477 1478 1477 1468 1466 1464 1459 1459 1460 1461 1464 1465 1471 1469 1470 1473 1477 1485 1489 1499 1553 1570 1566 1574 1562 1562 1544 1524 1455 1415 1387 1370 1349 1337 1327 1315 1298 1317 1340 1360 1367 1353 1343 1320 1311 1301 1286 1262 1233 1202 1180 1180 1147 1137 1136 1133 1138 1137 1133 1132 1131 1133 1131 1128 1123 1126
1505 1506 1505 1496 1493 1488 1482 1482 1482 1482 1478 1478 1479 1480 1487 1487 1487 1487 1486 1489 1484 1476 1468 1463 1461 1459 1456 1458 1459 1463 1473 1484 1465 1460 1467 1468 1471 1508 1528 1534 1525 1528 1525 1525 1513 1481 1415 1399 1384 1361 1344 1330 1321 1312 1314 1342 1376 1388 1384 1367 1350 1308 1293 1278 1263 1256 1233 1205 1181 1181 1148 1140 1135 1134 1136 1136 1133 1132 1131 1133 1131 1128 1123 1126
1510 1509 1505 1500 1496 1493 1489 1485 1485 1485 1484 1485 1485 1484 1483 1481 1483 1483 1479 1479 1477 1477 1473 1469 1466 1463 1457 1454 1455 1455 1468 1475 1466 1452 1456 1461 1468 1493 1508 1512 1507 1502 1494 1494 1465 1440 1395 1381 1379 1362 1340 1332 1336 1326 1333 1346 1372 1386 1389 1384 1381 1325 1290 1268 1250 1238 1222 1210 1210 1181 1148 1140 1135 1134 1136 1136 1133 1132 1133 1132 1134 1133 1128 1126
1513 1509 1504 1502 1502 1498 1496 1493 1495 1495 1493 1492 1491 1487 1481 1479 1479 1479 1476 1474 1474 1472 1469 1469 1466 1464 1462 1457 1452 1451 1457 1462 1466 1455 1450 1454 1459 1474 1477 1479 1475 1468 1468 1449 1421 1402 1373 1362 1355 1348 1343 1353 1363 1353 1358 1361 1371 1395 1408 1404 1381 1325 1290 1268 1250 1238 1222 1210 1210 1188 1150 1142 1135 1136 1138 1136 1135 1136 1133 1137 1135 1134 1130 1126
1516 1509 1505 1507 1506 1502 1499 1501 1499 1497 1495 1487 1486 1481 1480 1480 1480 1478 1474 1471 1472 1470 1468 1466 1462 1460 1463 1455 1448 1452 1451 1452 1457 1457 1451 1446 1447 1457 1455 1452 1445 1433 1433 1427 1415 1413 1401 1381 1367 1367 1361 1353 1363 1353 1358 1361 1371 1395 1408 1404 1394 1326 1288 1255 1249 1237 1214 1201 1201 1162 1153 1146 1142 1138 1138 1135 1135 1137 1136 1133 1131 1132 1134 1130
1519 1512 1510 1513 1513 1502 1503 1502 1500 1494 1493 1487 1485 1482 1481 1476 1476 1478 1477 1474 1472 1470 1465 1463 1460 1460 1459 1455 1452 1446 1446 1447 1450 1451 1449 1444 1441 1443 1441 1434 1433 1443 1443 1427 1415 1413 1401 1381 1367 1367 1361 1361 1384 1411 1416 1413 1407 1398 1385 1369 1346 1303 1300 1279 1242 1216 1205 1205 1184 1163 1157 1148 1143 1139 1139 1135 1136 1138 1134 1132 1134 1132 1132 1131
1518 1519 1519 1514 1511 1504 1503 1502 1498 1498 1495 1491 1491 1485 1482 1482 1479 1478 1474 1470 1469 1468 1461 1461 1460 1458 1455 1452 1447 1443 1441 1442 1446 1446 1445 1446 1447 1431 1434 1431 1438 1438 1460 1485 1502 1483 1457 1444 1439 1434 1425 1411 1406 1413 1409 1403 1398 1390 1370 1351 1325 1276 1269 1270 1242 1209 1192 1192 1181 1165 1158 1150 1143 1139 1139 1136 1139 1137 1134 1135 1135 1133 1134 1132
1527 1524 1519 1513 1514 1508 1507 1506 1502 1502 1499 1495 1493 1487 1481 1481 1478 1480 1477 1473 1469 1462 1459 1457 1454 1455 1457 1458 1451 1442 1436 1438 1443 1445 1443 1445 1451 1441 1434 1436 1446 1446 1466 1494 1519 1519 1499 1491 1475 1466 1451 1430 1422 1402 1389 1383 1368 1357 1343 1331 1317 1292 1260 1246 1225 1204 1195 1195 1186 1164 1156 1150 1146 1140 1138 1138 1138 1134 1132 1133 1137 1134 1132 1131
1532 1529 1526 1523 1519 1508 1506 1505 1500 1499 1499 1493 1488 1487 1482 1482 1479 1475 1471 1470 1467 1462 1461 1460 1458 1451 1450 1453 1449 1441 1437 1435 1440 1442 1443 1444 1444 1443 1439 1441 1451 1451 1464 1484 1510 1559 1552 1532 1498 1465 1436 1418 1410 1390 1382 1369 1361 1365 1375 1369 1342 1312 1277 1249 1232 1223 1223 1226 1217 1176 1161 1149 1143 1139 1140 1137 1134 1135 1135 1136 1138 1135 1133 1135
1532 1529 1526 1523 1519 1508 1506 1505 1500 1498 1494 1492 1489 1483 1483 1480 1478 1472 1470 1468 1467 1461 1459 1461 1456 1452 1447 1449 1447 1437 1433 1433 1435 1438 1439 1442 1444 1441 1440 1443 1443 1452 1463 1477 1505 1574 1575 1552 1518 1473 1440 1419 1406 1396 1400 1389 1378 1386 1396 1385 1347 1333 1310 1293 1268 1262 1262 1272 1262 1206 1181 1154 1151 1141 1138 1136 1135 1137 1138 1139 1137 1136 1141 1137
1531 1527 1522 1518 1519 1508 1504 1500 1501 1500 1498 1493 1486 1484 1484 1480 1476 1471 1468 1468 1466 1456 1453 1453 1449 1448 1445 1442 1444 1436 1430 1431 1433 1434 1439 1440 1442 1446 1439 1440 1440 1448 1457 1473 1495 1547 1550 1540 1518 1485 1457 1434 1420 1404 1410 1398 1391 1392 1391 1388 1390 1379 1373 1381 1369 1335 1335 1328 1338 1260 1218 1181 1157 1145 1137 1140 1143 1139 1140 1142 1138 1136 1141 1137
1533 1529 1526 1522 1520 1511 1507 1502 1501 1498 1495 1492 1486 1483 1483 1477 1474 1471 1468 1464 1463 1456 1454 1452 1451 1446 1443 1440 1441 1434 1427 1430 1434 1438 1438 1441 1450 1452 1465 1465 1457 1456 1451 1454 1464 1485 1493 1496 1475 1447 1425 1411 1395 1387 1382 1378 1371 1364 1362 1366 1380 1382 1383 1383 1380 1380 1364 1357 1352 1276 1238 1202 1157 1145 1137 1140 1143 1139 1140 1142 1138 1139 1134 1136
1531 1530 1527 1522 1517 1510 1506 1505 1500 1496 1492 1488 1485 1485 1481 1475 1473 1471 1467 1463 1457 1455 1455 1451 1447 1442 1446 1437 1428 1428 1425 1423 1425 1430 1436 1448 1481 1501 1496 1496 1471 1460 1456 1452 1460 1470 1472 1471 1458 1439 1419 1405 1387 1383 1377 1385 1389 1374 1357 1350 1357 1362 1356 1383 1380 1380 1364 1357 1352 1276 1238 1202 1168 1146 1142 1142 1142 1141 1137 1139 1142 1142 1136 1138
1533 1531 1528 1519 1512 1510 1507 1507 1505 1507 1503 1501 1489 1489 1478 1476 1471 1466 1462 1458 1455 1452 1449 1447 1441 1440 1438 1430 1425 1424 1424 1419 1425 1436 1440 1448 1488 1517 1510 1510 1479 1461 1456 1455 1457 1463 1460 1455 1445 1433 1420 1415 1395 1386 1377 1385 1389 1374 1357 1350 1357 1362 1356 1350 1361 1361 1358 1352 1319 1290 1268 1234 1190 1156 1147 1145 1142 1143 1137 1139 1139 1138 1139 1140
1531 1527 1524 1521 1515 1514 1510 1511 1511 1516 1521 1513 1513 1494 1489 1480 1470 1465 1460 1457 1453 1449 1449 1444 1441 1438 1435 1435 1427 1419 1419 1417 1424 1434 1439 1447 1472 1494 1494 1489 1467 1454 1448 1449 1457 1459 1460 1455 1445 1433 1420 1415 1395 1386 1383 1389 1394 1385 1377 1361 1337 1336 1328 1324 1324 1333 1322 1318 1298 1280 1273 1258 1216 1173 1154 1158 1146 1147 1146 1146 1146 1142 1141 1142
1532 1531 1526 1527 1522 1518 1516 1516 1519 1529 1523 1505 1505 1492 1487 1480 1473 1467 1465 1460 1447 1444 1446 1447 1444 1442 1442 1440 1423 1418 1418 1416 1421 1425 1434 1437 1472 1494 1494 1489 1467 1454 1448 1449 1457 1459 1457 1453 1449 1453 1447 1434 1399 1393 1397 1397 1405 1409 1424 1401 1362 1370 1359 1339 1339 1314 1298 1295 1253 1236 1216 1207 1197 1181 1167 1159 1149 1147 1145 1146 1144 1143 1143 1141
1541 1538 1535 1532 1530 1527 1523 1526 1525 1522 1514 1506 1506 1491 1487 1479 1478 1470 1463 1461 1449 1442 1442 1444 1444 1442 1441 1435 1423 1418 1418 1416 1421 1425 1434 1437 1462 1455 1455 1446 1444 1428 1434 1434 1452 1466 1474 1471 1469 1473 1467 1448 1444 1434 1422 1417 1417 1410 1406 1380 1385 1375 1356 1350 1350 1341 1336 1336 1300 1287 1263 1237 1203 1184 1175 1163 1150 1149 1146 1145 1145 1144 1146 1144
1555 1546 1544 1538 1537 1536 1532 1530 1520 1513 1506 1506 1500 1484 1479 1476 1474 1470 1463 1457 1449 1442 1442 1444 1434 1434 1432 1432 1419 1417 1415 1417 1412 1410 1417 1424 1433 1433 1451 1449 1424 1419 1425 1420 1439 1458 1480 1490 1467 1449 1441 1438 1447 1440 1423 1409 1412 1410 1406 1397 1397 1387 1388 1388 1389 1374 1374 1373 1351 1340 1311 1276 1235 1206 1203 1185 1153 1150 1150 1149 1147 1146 1147 1143
1565 1556 1554 1553 1548 1555 1550 1525 1510 1505 1498 1498 1487 1483 1479 1481 1477 1470 1459 1452 1442 1439 1436 1433 1430 1429 1426 1425 1422 1421 1417 1414 1408 1404 1408 1411 1421 1421 1435 1436 1414 1414 1417 1405 1418 1430 1458 1485 1466 1434 1414 1408 1428 1429 1411 1394 1392 1406 1416 1409 1412 1405 1402 1402 1396 1392 1396 1398 1370 1358 1329 1284 1254 1248 1241 1219 1171 1156 1152 1153 1150 1149 1146 1144
1572 1567 1562 1564 1574 1581 1568 1529 1513 1512 1503 1503 1495 1491 1489 1486 1478 1471 1459 1455 1447 1442 1438 1434 1429 1428 1426 1420 1423 1419 1413 1410 1410 1401 1402 1406 1408 1408 1414 1406 1397 1408 1401 1389 1391 1404 1423 1443 1441 1414 1398 1391 1410 1410 1396 1379 1377 1398 1421 1412 1391 1385 1382 1382 1376 1385 1402 1394 1367 1349 1332 1321 1302 1291 1278 1228 1197 1165 1154 1159 1149 1151 1151 1145
1583 1575 1571 1585 1596 1580 1561 1547 1533 1523 1523 1512 1502 1500 1496 1485 1474 1472 1467 1463 1444 1441 1441 1435 1428 1422 1422 1419 1416 1412 1411 1407 1404 1399 1394 1399 1399 1398 1400 1398 1391 1385 1384 1379 1381 1378 1384 1394 1397 1388 1381 1373 1384 1396 1388 1369 1360 1377 1409 1397 1370 1353 1353 1344 1347 1361 1366 1362 1387 1387 1373 1360 1341 1312 1282 1237 1203 1173 1162 1159 1149 1151 1151 1145
1592 1593 1601 1621 1604 1577 1564 1569 1576 1563 1563 1529 1512 1503 1498 1490 1478 1474 1469 1458 1443 1439 1435 1430 1425 1419 1419 1413 1406 1405 1407 1404 1399 1399 1396 1391 1391 1386 1387 1394 1390 1381 1373 1374 1351 1350 1352 1350 1343 1349 1340 1334 1341 1350 1349 1340 1348 1373 1386 1368 1358 1347 1347 1336 1333 1337 1366 1362 1387 1387 1373 1360 1341 1312 1282 1234 1210 1182 1165 1160 1155 1152 1149 1149
1611 1630 1643 1643 1626 1599 1592 1605 1608 1586 1586 1551 1551 1521 1504 1490 1480 1470 1460 1450 1443 1436 1434 1436 1434 1424 1421 1420 1419 1412 1408 1406 1406 1403 1400 1400 1393 1387 1381 1382 1381 1387 1381 1377 1378 1379 1391 1383 1360 1352 1350 1319 1327 1332 1325 1327 1347 1373 1386 1368 1358 1358 1347 1336 1333 1337 1339 1356 1369 1377 1354 1334 1316 1293 1267 1226 1215 1191 1167 1162 1162 1159 1153 1153
1646 1663 1660 1636 1623 1620 1620 1608 1595 1595 1548 1529 1523 1494 1474 1463 1457 1452 1451 1447 1443 1441 1438 1435 1428 1421 1422 1413 1412 1408 1405 1405 1402 1403 1401 1401 1390 1385 1383 1389 1390 1384 1386 1384 1379 1383 1382 1378 1360 1352 1350 1319 1327 1332 1325 1327 1347 1359 1362 1367 1367 1367 1362 1356 1338 1320 1317 1338 1353 1359 1330 1295 1275 1263 1248 1219 1207 1190 1174 1168 1163 1159 1156 1150
1637 1623 1610 1596 1590 1578 1564 1560 1557 1557 1541 1526 1514 1496 1480 1476 1472 1464 1456 1449 1446 1443 1438 1433 1432 1426 1423 1413 1409 1405 1404 1404 1399 1396 1394 1394 1391 1388 1390 1394 1390 1384 1386 1384 1379 1383 1382 1378 1354 1343 1343 1321 1314 1321 1315 1323 1328 1327 1335 1369 1379 1379 1372 1362 1337 1307 1308 1351 1355 1342 1318 1280 1248 1233 1227 1209 1193 1184 1172 1168 1164 1160 1160 1159
1627 1621 1617 1621 1612 1595 1583 1586 1586 1585 1583 1576 1533 1508 1502 1503 1505 1479 1465 1451 1449 1444 1438 1433 1428 1428 1424 1413 1409 1406 1404 1404 1399 1396 1396 1394 1391 1388 1390 1394 1395 1394 1396 1380 1379 1377 1368 1358 1346 1337 1333 1317 1308 1309 1304 1308 1308 1317 1345 1366 1366 1372 1369 1359 1338 1322 1297 1300 1292 1279 1284 1294 1266 1230 1204 1189 1182 1181 1178 1176 1170 1166 1164 1160
1640 1635 1630 1623 1616 1605 1607 1610 1610 1602 1598 1545 1520 1511 1522 1533 1517 1507 1491 1466 1454 1447 1438 1433 1428 1428 1424 1413 1409 1406 1404 1404 1399 1399 1399 1391 1396 1399 1392 1398 1404 1399 1392 1388 1387 1389 1379 1360 1353 1345 1341 1344 1339 1341 1341 1316 1297 1299 1324 1327 1327 1329 1339 1367 1371 1355 1317 1272 1261 1253 1259 1275 1261 1221 1199 1189 1185 1184 1183 1182 1175 1171 1162 1157
1654 1653 1644 1640 1632 1622 1630 1628 1628 1615 1593 1530 1521 1534 1522 1533 1517 1507 1491 1466 1454 1447 1449 1441 1428 1425 1423 1414 1409 1405 1406 1400 1399 1406 1406 1408 1403 1403 1414 1426 1426 1418 1403 1381 1371 1366 1363 1352 1351 1353 1368 1367 1349 1342 1342 1343 1318 1294 1303 1315 1315 1320 1340 1372 1400 1393 1361 1300 1269 1246 1241 1255 1245 1216 1197 1195 1197 1192 1185 1180 1173 1169 1157 1155
1670 1661 1648 1650 1633 1622 1630 1630 1628 1615 1593 1530 1521 1560 1561 1561 1549 1521 1500 1479 1477 1466 1451 1446 1435 1428 1420 1420 1418 1412 1411 1409 1408 1408 1406 1407 1408 1413 1417 1417 1423 1417 1399 1374 1369 1364 1360 1359 1370 1377 1418 1398 1359 1343 1350 1368 1353 1318 1293 1293 1301 1314 1339 1366 1383 1397 1392 1314 1276 1246 1233 1232 1221 1210 1203 1201 1199 1207 1204 1184 1172 1167 1158 1156
1670 1664 1650 1643 1634 1639 1658 1658 1655 1626 1594 1609 1600 1589 1587 1574 1552 1529 1513 1489 1467 1453 1443 1445 1448 1435 1425 1423 1416 1413 1409 1411 1409 1409 1406 1404 1409 1415 1413 1407 1403 1394 1387 1372 1369 1364 1368 1374 1381 1395 1438 1413 1365 1336 1338 1350 1360 1338 1284 1284 1296 1316 1330 1334 1352 1370 1383 1322 1293 1269 1239 1223 1217 1211 1206 1205 1211 1223 1223 1192 1169 1161 1160 1156
