input_highsierra/dem84_30.asc
ncols        1263
nrows        555
xllcorner    -118.377638888889
yllcorner    36.483750000000
cellsize     0.000277777778
NODATA_value -9999
[rows 114 to 151 of 555, columns 672 to 755 of 1263]
1815 1813 1811 1811 1808 1806 1802 1800 1799 1796 1795 1796 1792 1788 1787 1788 1789 1784 1780 1776 1775 1772 1769 1767 1768 1769 1769 1767 1765 1762 1761 1760 1758 1755 1753 1751 1749 1747 1744 1741 1739 1736 1734 1731 1730 1731 1730 1726 1724 1723 1722 1721 1720 1717 1716 1716 1713 1710 1710 1708 1708 1705 1702 1700 1698 1697 1696 1694 1692 1691 1692 1691 1690 1686 1684 1684 1683 1685 1684 1679 1674 1671 1670 1671
1816 1815 1815 1814 1810 1807 1805 1802 1799 1798 1797 1798 1795 1792 1790 1788 1788 1785 1780 1777 1773 1771 1771 1770 1769 1768 1769 1768 1766 1764 1762 1759 1756 1755 1754 1752 1749 1746 1744 1742 1740 1738 1735 1733 1732 1730 1728 1725 1723 1720 1720 1721 1720 1719 1719 1717 1715 1712 1710 1707 1705 1705 1704 1703 1701 1700 1698 1695 1692 1691 1691 1691 1691 1687 1684 1683 1684 1684 1681 1677 1674 1672 1671 1671
1816 1815 1815 1813 1811 1809 1807 1804 1803 1799 1798 1797 1796 1794 1791 1789 1787 1785 1784 1781 1779 1778 1775 1772 1769 1766 1766 1765 1764 1763 1761 1759 1756 1755 1754 1751 1748 1745 1744 1743 1742 1738 1736 1735 1734 1732 1730 1728 1727 1726 1724 1723 1722 1721 1719 1717 1716 1715 1713 1713 1710 1707 1706 1705 1703 1702 1701 1697 1694 1691 1691 1690 1690 1690 1688 1687 1684 1681 1679 1677 1675 1674 1673 1673
1817 1817 1816 1815 1811 1808 1806 1804 1802 1800 1798 1798 1797 1794 1792 1790 1789 1789 1789 1785 1782 1781 1780 1778 1774 1771 1769 1767 1764 1762 1760 1758 1756 1753 1752 1751 1749 1747 1746 1745 1742 1738 1736 1736 1736 1734 1733 1731 1730 1729 1726 1724 1723 1722 1722 1720 1718 1716 1714 1713 1710 1707 1706 1705 1705 1705 1702 1698 1693 1692 1691 1690 1690 1688 1687 1686 1683 1679 1676 1675 1674 1675 1674 1674
1818 1818 1818 1816 1812 1808 1805 1803 1803 1802 1799 1798 1798 1796 1793 1788 1785 1784 1784 1784 1782 1780 1779 1778 1776 1773 1771 1770 1766 1762 1760 1758 1756 1752 1750 1750 1749 1748 1747 1744 1741 1737 1734 1733 1732 1730 1729 1728 1728 1729 1727 1724 1723 1722 1722 1721 1718 1715 1712 1709 1709 1706 1705 1705 1705 1705 1703 1699 1693 1692 1691 1690 1688 1688 1686 1685 1683 1680 1678 1676 1675 1675 1675 1673
1820 1819 1818 1817 1814 1811 1807 1804 1803 1803 1801 1799 1798 1798 1795 1789 1785 1784 1783 1782 1780 1779 1778 1777 1775 1772 1771 1770 1766 1761 1758 1756 1755 1753 1751 1750 1749 1749 1747 1744 1741 1739 1737 1737 1733 1732 1731 1731 1731 1730 1727 1723 1722 1723 1722 1721 1719 1717 1712 1708 1706 1705 1705 1704 1703 1701 1700 1696 1692 1691 1690 1689 1687 1685 1683 1682 1680 1678 1678 1675 1674 1675 1675 1673
1820 1820 1820 1819 1817 1814 1808 1805 1803 1801 1799 1798 1797 1796 1793 1789 1787 1786 1786 1784 1781 1779 1778 1776 1776 1776 1774 1773 1768 1763 1759 1757 1755 1754 1752 1751 1750 1748 1747 1745 1744 1743 1740 1740 1738 1736 1733 1732 1730 1728 1725 1724 1724 1722 1722 1719 1718 1717 1713 1711 1706 1706 1705 1704 1703 1701 1699 1694 1691 1689 1688 1686 1684 1682 1681 1680 1678 1677 1677 1676 1674 1673 1673 1672
1820 1819 1820 1819 1818 1814 1808 1806 1805 1803 1802 1799 1797 1794 1792 1791 1790 1788 1787 1788 1785 1783 1780 1778 1777 1777 1776 1773 1770 1764 1760 1757 1757 1756 1755 1753 1750 1749 1748 1747 1746 1744 1743 1742 1740 1737 1734 1732 1730 1727 1725 1724 1724 1724 1723 1720 1718 1716 1713 1710 1705 1704 1704 1704 1703 1702 1698 1695 1692 1691 1689 1686 1684 1681 1679 1677 1676 1675 1674 1674 1672 1672 1671 1670
1822 1820 1820 1819 1817 1814 1812 1811 1810 1808 1806 1803 1800 1795 1793 1792 1790 1788 1790 1791 1788 1787 1783 1780 1778 1776 1776 1774 1771 1768 1765 1764 1763 1760 1757 1753 1749 1749 1747 1746 1745 1744 1742 1740 1739 1736 1735 1734 1733 1729 1727 1725 1724 1722 1722 1720 1719 1718 1716 1710 1705 1706 1706 1708 1709 1708 1704 1700 1699 1697 1694 1689 1687 1683 1679 1677 1675 1675 1674 1673 1673 1671 1670 1668
1826 1824 1821 1819 1816 1814 1813 1813 1813 1811 1810 1807 1804 1800 1799 1798 1794 1792 1791 1792 1792 1789 1787 1783 1780 1777 1776 1775 1773 1771 1770 1768 1765 1761 1758 1755 1750 1747 1745 1744 1744 1742 1741 1740 1739 1737 1736 1735 1734 1728 1725 1723 1722 1722 1722 1721 1718 1718 1717 1715 1713 1712 1712 1712 1711 1706 1700 1699 1699 1698 1695 1692 1689 1685 1682 1680 1678 1678 1676 1674 1673 1672 1672 1670
1832 1828 1823 1820 1817 1814 1812 1812 1812 1811 1809 1806 1804 1803 1801 1801 1800 1797 1794 1793 1793 1791 1788 1785 1781 1778 1776 1776 1772 1768 1764 1762 1760 1759 1758 1755 1754 1750 1747 1744 1744 1743 1742 1741 1742 1743 1739 1738 1735 1728 1725 1728 1728 1728 1726 1722 1718 1715 1715 1716 1715 1715 1716 1716 1714 1708 1702 1699 1697 1695 1693 1690 1689 1687 1684 1680 1678 1676 1674 1673 1670 1669 1670 1671
1830 1827 1824 1821 1819 1816 1813 1811 1810 1811 1809 1807 1805 1800 1799 1799 1798 1795 1794 1794 1793 1790 1785 1782 1781 1780 1777 1775 1774 1770 1764 1761 1759 1758 1755 1754 1753 1751 1747 1744 1743 1743 1744 1744 1745 1744 1739 1738 1737 1734 1728 1727 1727 1727 1726 1724 1718 1715 1715 1714 1714 1717 1720 1721 1719 1714 1709 1704 1699 1696 1695 1693 1692 1690 1686 1683 1679 1676 1676 1676 1674 1670 1668 1670
1827 1824 1822 1821 1821 1821 1819 1815 1813 1813 1809 1807 1806 1804 1801 1799 1797 1794 1792 1792 1790 1787 1783 1782 1783 1783 1781 1778 1776 1770 1764 1760 1759 1760 1758 1757 1756 1754 1752 1751 1751 1749 1749 1748 1745 1744 1741 1741 1739 1737 1732 1727 1725 1727 1728 1727 1723 1718 1717 1716 1714 1715 1718 1720 1720 1717 1713 1707 1702 1700 1698 1697 1694 1689 1686 1683 1679 1677 1677 1678 1675 1670 1667 1668
1827 1824 1822 1822 1822 1823 1820 1816 1814 1812 1812 1810 1808 1807 1805 1803 1800 1797 1795 1794 1793 1790 1786 1783 1784 1783 1782 1780 1777 1774 1769 1767 1763 1763 1762 1762 1760 1757 1754 1753 1750 1749 1750 1750 1747 1745 1744 1742 1742 1740 1736 1730 1727 1726 1730 1731 1729 1723 1719 1718 1717 1716 1717 1717 1717 1714 1712 1706 1701 1698 1698 1697 1693 1689 1685 1683 1679 1675 1674 1674 1672 1671 1670 1669
1833 1830 1827 1825 1824 1823 1820 1816 1814 1812 1812 1811 1808 1805 1804 1803 1800 1797 1795 1793 1791 1788 1785 1784 1784 1783 1783 1779 1778 1776 1774 1771 1768 1765 1762 1761 1759 1758 1756 1753 1751 1751 1751 1750 1748 1744 1745 1743 1743 1740 1736 1733 1730 1730 1733 1734 1731 1725 1721 1717 1715 1715 1713 1713 1714 1712 1710 1707 1704 1700 1700 1698 1694 1689 1686 1683 1681 1678 1675 1672 1671 1672 1672 1671
1833 1829 1827 1826 1826 1823 1819 1816 1815 1814 1813 1811 1809 1806 1805 1803 1800 1796 1794 1793 1790 1786 1785 1785 1786 1784 1780 1777 1777 1775 1775 1773 1771 1765 1762 1761 1759 1758 1756 1753 1751 1752 1753 1754 1755 1752 1747 1744 1741 1739 1736 1734 1730 1728 1729 1730 1727 1723 1721 1719 1716 1714 1713 1712 1712 1711 1710 1709 1705 1701 1700 1699 1695 1691 1687 1685 1684 1682 1676 1673 1673 1675 1675 1674
1834 1832 1830 1829 1827 1823 1820 1817 1816 1814 1813 1811 1809 1808 1807 1805 1803 1799 1795 1792 1788 1784 1785 1788 1790 1788 1784 1781 1778 1776 1775 1773 1770 1767 1765 1763 1761 1760 1759 1758 1756 1756 1758 1760 1758 1754 1747 1744 1742 1741 1738 1734 1729 1727 1729 1729 1726 1721 1719 1717 1716 1715 1714 1713 1712 1709 1708 1709 1706 1703 1702 1701 1697 1694 1691 1689 1687 1683 1680 1678 1679 1679 1676 1673
1833 1831 1829 1827 1827 1826 1824 1823 1821 1819 1816 1814 1811 1807 1805 1802 1800 1798 1797 1797 1793 1790 1788 1789 1789 1788 1786 1783 1781 1779 1777 1774 1773 1773 1772 1771 1767 1764 1762 1763 1762 1759 1756 1755 1753 1748 1743 1740 1739 1737 1735 1731 1727 1726 1730 1730 1726 1720 1718 1717 1717 1715 1712 1709 1710 1709 1708 1707 1706 1704 1702 1699 1696 1695 1693 1691 1689 1686 1683 1681 1681 1681 1679 1674
1835 1834 1832 1828 1825 1824 1823 1821 1819 1818 1817 1815 1811 1808 1805 1802 1799 1798 1799 1800 1800 1796 1794 1792 1789 1787 1786 1785 1785 1784 1782 1780 1777 1775 1772 1770 1767 1765 1763 1763 1761 1759 1754 1750 1748 1746 1743 1741 1741 1739 1736 1731 1727 1725 1725 1724 1725 1722 1718 1717 1717 1715 1713 1711 1710 1709 1708 1706 1704 1702 1700 1696 1692 1691 1689 1686 1685 1685 1684 1684 1684 1683 1680 1676
1838 1838 1837 1835 1831 1827 1824 1821 1820 1818 1817 1815 1812 1808 1805 1802 1801 1802 1803 1803 1801 1799 1796 1793 1791 1788 1787 1786 1787 1786 1783 1778 1775 1772 1770 1769 1767 1764 1763 1763 1760 1758 1753 1749 1748 1747 1747 1746 1745 1742 1739 1735 1729 1726 1725 1724 1723 1721 1717 1717 1716 1714 1713 1712 1711 1709 1708 1705 1703 1701 1700 1698 1695 1694 1692 1689 1686 1686 1686 1684 1681 1678 1678 1678
1843 1841 1839 1836 1832 1827 1823 1820 1818 1816 1814 1813 1811 1808 1806 1805 1804 1804 1804 1806 1807 1804 1800 1797 1795 1790 1787 1786 1785 1784 1780 1777 1773 1770 1769 1768 1766 1764 1763 1762 1760 1758 1754 1751 1747 1747 1746 1745 1742 1739 1737 1735 1731 1728 1724 1721 1719 1718 1717 1717 1717 1718 1719 1717 1714 1710 1707 1704 1703 1702 1702 1702 1700 1699 1697 1693 1690 1688 1686 1684 1681 1676 1674 1676
1844 1843 1840 1838 1833 1829 1825 1823 1820 1817 1814 1813 1811 1809 1808 1807 1806 1805 1806 1808 1808 1807 1805 1800 1796 1791 1786 1785 1784 1781 1777 1775 1772 1770 1769 1768 1766 1763 1761 1758 1757 1756 1754 1751 1749 1748 1746 1742 1740 1737 1735 1735 1732 1729 1726 1724 1721 1719 1719 1719 1719 1719 1720 1718 1715 1711 1707 1705 1703 1704 1705 1704 1702 1700 1699 1696 1692 1688 1686 1686 1685 1683 1680 1678
1845 1842 1838 1836 1833 1831 1828 1827 1825 1820 1817 1814 1811 1809 1807 1806 1807 1806 1806 1807 1807 1808 1806 1799 1795 1791 1788 1785 1781 1778 1775 1773 1770 1768 1766 1765 1764 1762 1759 1756 1755 1754 1753 1751 1749 1747 1745 1740 1738 1736 1736 1734 1732 1728 1724 1722 1718 1716 1715 1715 1716 1718 1717 1714 1712 1709 1705 1703 1702 1701 1701 1701 1701 1700 1698 1696 1693 1689 1684 1683 1683 1681 1681 1680
1847 1842 1839 1835 1832 1831 1830 1830 1829 1824 1821 1818 1814 1810 1807 1806 1806 1804 1805 1806 1806 1806 1802 1797 1793 1791 1790 1785 1781 1778 1776 1773 1770 1769 1766 1764 1762 1759 1757 1755 1754 1753 1753 1753 1752 1750 1745 1740 1736 1733 1731 1727 1724 1721 1718 1716 1715 1713 1712 1711 1712 1714 1717 1717 1714 1709 1705 1703 1702 1702 1701 1700 1699 1699 1694 1691 1690 1687 1684 1683 1683 1682 1681 1679
1847 1843 1839 1835 1832 1830 1830 1830 1828 1825 1823 1820 1817 1813 1811 1809 1806 1805 1804 1804 1804 1801 1796 1790 1786 1786 1784 1780 1778 1777 1776 1775 1773 1771 1768 1763 1758 1755 1755 1755 1755 1756 1755 1751 1747 1744 1739 1734 1731 1729 1727 1724 1721 1719 1718 1718 1717 1716 1714 1712 1709 1708 1709 1713 1716 1713 1709 1706 1704 1703 1700 1698 1697 1697 1691 1688 1687 1686 1684 1683 1683 1682 1681 1679
1846 1843 1841 1838 1835 1834 1831 1828 1824 1821 1819 1818 1816 1814 1811 1809 1809 1807 1804 1803 1801 1798 1795 1792 1789 1785 1780 1776 1773 1772 1771 1770 1771 1771 1769 1764 1758 1753 1749 1747 1746 1747 1747 1744 1741 1739 1737 1734 1734 1732 1731 1728 1725 1722 1721 1722 1721 1719 1716 1713 1710 1706 1705 1707 1709 1710 1709 1708 1707 1706 1703 1700 1697 1694 1690 1688 1685 1683 1682 1682 1682 1683 1682 1680
1846 1842 1840 1837 1835 1832 1829 1826 1822 1820 1818 1818 1817 1814 1811 1809 1808 1808 1808 1804 1801 1798 1795 1792 1788 1781 1773 1768 1767 1767 1766 1765 1765 1763 1762 1759 1755 1751 1748 1746 1745 1746 1746 1744 1740 1737 1736 1734 1733 1733 1733 1733 1731 1730 1729 1728 1726 1721 1718 1715 1709 1705 1702 1701 1702 1704 1705 1705 1704 1704 1701 1699 1696 1691 1688 1684 1681 1681 1681 1680 1678 1677 1676 1676
1847 1842 1837 1834 1833 1832 1830 1827 1824 1821 1821 1820 1819 1817 1813 1810 1808 1806 1802 1799 1794 1791 1788 1786 1782 1777 1773 1771 1767 1765 1763 1762 1762 1760 1756 1755 1754 1753 1750 1748 1747 1745 1743 1742 1740 1739 1738 1737 1735 1734 1732 1733 1735 1736 1736 1735 1732 1725 1719 1715 1709 1703 1700 1699 1700 1699 1698 1699 1700 1698 1695 1694 1693 1690 1686 1681 1678 1678 1678 1677 1676 1674 1672 1670
1831 1833 1837 1836 1835 1837 1835 1830 1824 1821 1818 1815 1813 1810 1805 1801 1798 1797 1795 1793 1789 1786 1786 1783 1781 1778 1777 1777 1775 1770 1765 1764 1764 1761 1757 1753 1751 1749 1746 1744 1745 1745 1743 1742 1744 1745 1744 1742 1739 1736 1735 1734 1735 1737 1735 1732 1729 1726 1722 1717 1711 1706 1701 1698 1697 1695 1694 1694 1693 1691 1690 1689 1689 1688 1687 1684 1682 1680 1679 1679 1678 1677 1675 1673
1820 1825 1831 1833 1832 1830 1826 1820 1816 1812 1809 1806 1805 1803 1799 1795 1793 1793 1792 1791 1790 1788 1787 1785 1783 1782 1780 1779 1777 1772 1768 1765 1763 1762 1759 1754 1752 1750 1747 1745 1744 1745 1748 1751 1752 1753 1752 1749 1745 1741 1739 1736 1733 1732 1731 1728 1726 1726 1724 1719 1713 1710 1705 1700 1695 1692 1692 1693 1692 1691 1688 1687 1686 1687 1687 1687 1686 1685 1684 1683 1682 1681 1679 1677
1821 1822 1826 1826 1823 1819 1815 1812 1809 1808 1807 1805 1804 1804 1802 1800 1798 1795 1793 1790 1789 1790 1790 1790 1789 1789 1787 1784 1780 1777 1774 1771 1767 1766 1765 1763 1762 1759 1756 1754 1753 1752 1753 1754 1755 1756 1754 1750 1744 1743 1741 1739 1736 1732 1729 1726 1724 1724 1724 1720 1716 1713 1711 1707 1702 1696 1695 1695 1694 1692 1689 1687 1688 1688 1688 1689 1688 1688 1687 1686 1685 1685 1684 1682
1824 1821 1821 1819 1819 1818 1817 1815 1815 1814 1812 1808 1808 1808 1810 1810 1807 1802 1797 1793 1794 1795 1797 1797 1797 1795 1793 1789 1783 1779 1777 1775 1773 1771 1770 1769 1768 1767 1765 1762 1759 1757 1756 1755 1755 1754 1751 1748 1744 1743 1741 1738 1736 1734 1730 1727 1724 1723 1723 1722 1719 1717 1714 1711 1707 1701 1698 1696 1696 1696 1694 1693 1693 1693 1693 1692 1691 1690 1690 1690 1687 1685 1683 1681
1833 1828 1822 1820 1821 1822 1822 1823 1823 1822 1820 1817 1814 1814 1814 1814 1812 1808 1805 1801 1801 1801 1799 1799 1799 1798 1797 1794 1790 1786 1783 1781 1780 1778 1775 1771 1770 1769 1768 1767 1765 1761 1758 1756 1752 1749 1746 1744 1743 1741 1739 1736 1734 1733 1732 1729 1726 1724 1723 1720 1718 1717 1717 1716 1713 1708 1704 1702 1700 1699 1699 1698 1697 1696 1696 1695 1694 1693 1690 1688 1685 1682 1680 1678
1842 1838 1832 1830 1831 1831 1832 1832 1829 1828 1824 1819 1814 1812 1811 1811 1811 1811 1810 1808 1806 1803 1800 1799 1798 1795 1791 1789 1790 1789 1787 1787 1784 1780 1776 1771 1768 1766 1764 1763 1762 1760 1758 1754 1751 1748 1745 1744 1742 1740 1738 1734 1731 1729 1727 1725 1722 1721 1722 1721 1721 1720 1718 1717 1717 1716 1714 1713 1710 1709 1707 1706 1705 1702 1698 1695 1693 1691 1688 1686 1684 1682 1680 1677
1849 1846 1842 1839 1839 1838 1837 1834 1830 1825 1822 1817 1814 1812 1811 1812 1812 1814 1814 1813 1810 1805 1800 1798 1794 1789 1785 1784 1783 1786 1785 1785 1783 1780 1775 1772 1770 1768 1764 1761 1760 1759 1758 1755 1752 1748 1745 1743 1741 1740 1737 1733 1731 1730 1728 1728 1726 1725 1723 1722 1720 1719 1717 1713 1710 1710 1711 1711 1710 1708 1706 1705 1703 1699 1694 1689 1688 1686 1684 1683 1681 1681 1681 1680
1855 1850 1847 1843 1842 1839 1835 1831 1825 1823 1821 1821 1821 1821 1820 1818 1817 1816 1815 1813 1809 1804 1799 1796 1792 1789 1784 1783 1783 1786 1786 1783 1780 1779 1776 1773 1771 1767 1764 1761 1759 1758 1756 1753 1750 1747 1744 1743 1742 1740 1737 1734 1734 1732 1727 1724 1722 1721 1721 1720 1718 1718 1717 1712 1708 1706 1705 1704 1704 1703 1702 1701 1698 1697 1694 1691 1690 1687 1685 1683 1681 1678 1676 1674
1848 1845 1843 1840 1838 1835 1832 1827 1826 1823 1826 1828 1828 1828 1828 1824 1820 1818 1815 1812 1805 1800 1798 1796 1794 1792 1788 1785 1785 1787 1787 1783 1780 1778 1775 1771 1769 1767 1764 1760 1757 1756 1757 1755 1754 1752 1750 1747 1744 1742 1740 1738 1737 1736 1733 1730 1726 1723 1722 1720 1720 1717 1717 1714 1711 1708 1706 1704 1702 1702 1702 1701 1700 1699 1697 1694 1691 1690 1689 1688 1685 1683 1681 1678
1846 1842 1839 1839 1838 1838 1837 1835 1833 1832 1834 1833 1830 1826 1822 1820 1818 1815 1813 1809 1806 1802 1797 1795 1794 1792 1789 1786 1784 1784 1784 1782 1780 1776 1774 1772 1770 1768 1762 1758 1757 1757 1758 1758 1755 1752 1750 1748 1745 1743 1743 1742 1739 1734 1733 1729 1727 1726 1725 1722 1721 1719 1718 1715 1712 1709 1705 1703 1701 1701 1700 1699 1698 1697 1694 1690 1688 1687 1687 1686 1683 1680 1677 1676
