input_highsierra/dem84.asc
ncols        387
nrows        170
xllcorner    -118.377601393217
yllcorner    36.483606426649
cellsize     0.000906194390
NODATA_value -32768
[rows 37 to 73 of 170, columns 0 to 83 of 387]
-32768 -32768 -32768 3320 3322 3318 3317 3308 3297 3297 3299 3303 3308 3310 3308 3303 3296 3295 3293 3291 3289 3289 3291 3290 3290 3300 3307 3308 3309 3309 3307 3309 3324 3336 3352 3367 3381 3388 3386 3385 3393 3394 3398 3403 3401 3398 3396 3394 3393 3393 3393 3396 3404 3415 3433 3457 3480 3477 3487 3492 3505 3519 3536 3557 3580 3576 3575 3575 3575 3575 3576 3593 3605 3606 3609 3610 3610 3625 3633 3630 3626 3632 3630 3634
-32768 -32768 -32768 3320 3321 3316 3308 3302 3294 3296 3299 3309 3312 3310 3298 3289 3273 3271 3270 3271 3275 3280 3282 3287 3287 3294 3297 3304 3304 3304 3305 3308 3322 3335 3349 3367 3378 3382 3385 3385 3385 3385 3389 3393 3391 3387 3382 3382 3383 3383 3383 3389 3399 3414 3427 3453 3494 3520 3544 3582 3633 3662 3674 3655 3599 3583 3575 3575 3575 3575 3576 3595 3602 3608 3612 3623 3623 3641 3661 3669 3666 3672 3672 3685
-32768 -32768 -32768 3318 3314 3307 3297 3293 3288 3296 3306 3312 3307 3299 3287 3278 3265 3260 3259 3259 3265 3268 3273 3273 3283 3288 3291 3299 3304 3307 3311 3316 3324 3331 3341 3355 3363 3369 3376 3379 3376 3370 3373 3375 3383 3389 3391 3384 3380 3380 3381 3393 3409 3428 3458 3486 3529 3520 3544 3582 3633 3662 3674 3655 3622 3588 3575 3575 3575 3575 3578 3591 3599 3610 3616 3616 3635 3663 3698 3721 3744 3740 3741 3747
-32768 -32768 -32768 3312 3303 3293 3286 3286 3292 3300 3302 3298 3296 3287 3277 3267 3254 3251 3251 3255 3259 3263 3268 3268 3276 3282 3295 3305 3312 3317 3321 3323 3327 3327 3329 3332 3336 3341 3350 3359 3368 3373 3376 3383 3393 3400 3407 3399 3396 3396 3381 3393 3409 3428 3458 3486 3529 3558 3603 3653 3697 3743 3795 3827 3618 3592 3575 3575 3575 3575 3580 3591 3597 3605 3622 3622 3648 3686 3713 3729 3774 3779 3778 3776
-32768 -32768 -32768 3296 3287 3281 3285 3286 3292 3291 3285 3269 3264 3255 3240 3232 3233 3237 3242 3247 3257 3262 3262 3268 3286 3291 3299 3311 3320 3323 3323 3325 3331 3328 3327 3334 3339 3352 3365 3386 3388 3389 3376 3383 3393 3400 3407 3399 3399 3396 3398 3411 3429 3460 3490 3515 3567 3603 3662 3711 3769 3796 3833 3734 3674 3600 3576 3575 3575 3575 3578 3584 3591 3604 3628 3628 3671 3718 3745 3746 3794 3794 3790 3789
-32768 -32768 -32768 3267 3271 3280 3286 3285 3271 3266 3261 3253 3242 3230 3224 3226 3228 3228 3234 3242 3252 3261 3261 3267 3292 3297 3314 3325 3329 3328 3329 3332 3339 3335 3335 3334 3339 3352 3365 3386 3388 3389 3392 3391 3395 3400 3409 3430 3430 3428 3431 3447 3466 3489 3512 3533 3595 3651 3703 3738 3779 3812 3851 3761 3695 3589 3575 3575 3575 3575 3575 3577 3587 3622 3622 3655 3691 3728 3748 3818 3856 3866 3854 3831
-32768 -32768 -32768 3264 3270 3276 3281 3270 3258 3246 3232 3224 3217 3211 3209 3217 3224 3227 3235 3249 3263 3263 3275 3281 3295 3304 3315 3325 3329 3328 3329 3332 3339 3335 3335 3343 3350 3362 3377 3402 3406 3405 3405 3404 3404 3428 3451 3461 3461 3457 3458 3470 3480 3497 3518 3560 3589 3627 3632 3685 3741 3799 3832 3785 3721 3616 3586 3575 3575 3575 3575 3575 3590 3615 3615 3643 3684 3725 3751 3826 3886 3918 3900 3886
-32768 -32768 -32768 3261 3265 3267 3265 3244 3231 3217 3209 3202 3199 3198 3207 3220 3227 3238 3248 3268 3263 3263 3275 3281 3295 3304 3315 3325 3331 3332 3335 3346 3352 3350 3352 3354 3355 3366 3376 3396 3407 3417 3429 3467 3469 3472 3479 3479 3471 3466 3460 3458 3469 3481 3503 3551 3571 3582 3602 3651 3710 3776 3825 3792 3734 3617 3590 3579 3575 3575 3575 3575 3588 3588 3613 3648 3694 3728 3744 3829 3876 3939 3955 3945
-32768 -32768 -32768 3258 3256 3253 3246 3218 3202 3194 3190 3190 3192 3198 3207 3220 3227 3238 3248 3268 3285 3285 3298 3309 3315 3318 3323 3334 3336 3333 3333 3343 3349 3358 3372 3373 3372 3374 3380 3398 3421 3448 3476 3484 3481 3479 3479 3479 3475 3474 3470 3466 3479 3506 3532 3564 3579 3578 3588 3623 3674 3728 3784 3796 3748 3627 3600 3580 3575 3575 3575 3579 3585 3585 3608 3644 3684 3717 3739 3814 3858 3959 4001 4009
-32768 -32768 -32768 3250 3237 3228 3246 3218 3202 3194 3190 3190 3192 3203 3243 3275 3288 3298 3300 3299 3299 3302 3304 3302 3304 3309 3313 3317 3324 3328 3328 3339 3349 3360 3371 3376 3379 3377 3376 3396 3416 3448 3472 3478 3474 3473 3473 3479 3486 3492 3494 3500 3527 3558 3573 3586 3586 3575 3575 3593 3652 3693 3749 3828 3765 3708 3606 3588 3575 3575 3575 3580 3580 3591 3612 3644 3676 3697 3719 3799 3832 3959 4001 4009
-32768 -32768 -32768 3223 3207 3191 3182 3172 3173 3180 3194 3205 3226 3256 3279 3302 3306 3306 3302 3299 3299 3297 3302 3305 3308 3313 3314 3317 3319 3324 3330 3344 3349 3360 3378 3394 3405 3409 3409 3400 3409 3433 3454 3461 3460 3460 3460 3470 3485 3504 3513 3518 3535 3551 3563 3585 3585 3575 3576 3595 3647 3668 3709 3816 3778 3731 3620 3601 3580 3575 3583 3588 3588 3596 3612 3644 3657 3681 3702 3784 3864 3934 3996 4035
-32768 -32768 -32768 3179 3171 3166 3165 3173 3181 3198 3220 3246 3269 3284 3299 3301 3301 3298 3296 3296 3301 3306 3313 3320 3323 3323 3329 3332 3334 3339 3346 3358 3361 3380 3402 3415 3425 3434 3438 3434 3425 3425 3436 3446 3448 3448 3457 3463 3474 3494 3513 3523 3532 3535 3551 3570 3574 3573 3588 3616 3635 3652 3738 3786 3817 3754 3706 3637 3616 3593 3588 3588 3588 3588 3596 3616 3635 3656 3688 3775 3858 3934 4039 4067
-32768 -32768 -32768 3158 3158 3158 3169 3196 3214 3239 3262 3276 3284 3289 3292 3295 3295 3292 3294 3294 3299 3307 3318 3331 3337 3341 3347 3355 3361 3366 3370 3390 3396 3410 3430 3439 3459 3476 3490 3485 3472 3462 3456 3452 3447 3447 3449 3468 3475 3482 3498 3517 3525 3537 3554 3574 3579 3578 3591 3602 3618 3632 3698 3745 3798 3768 3734 3688 3672 3651 3615 3615 3595 3586 3587 3597 3610 3639 3676 3758 3853 3931 4004 4065
-32768 -32768 -32768 3156 3160 3172 3187 3227 3246 3263 3275 3284 3286 3288 3293 3294 3296 3299 3299 3294 3296 3302 3313 3343 3349 3355 3364 3374 3384 3394 3400 3453 3467 3492 3527 3565 3600 3628 3690 3718 3712 3643 3560 3492 3449 3449 3449 3468 3475 3482 3498 3517 3527 3536 3566 3585 3588 3585 3597 3618 3631 3631 3678 3713 3759 3789 3755 3744 3726 3690 3627 3627 3603 3604 3607 3612 3617 3630 3710 3778 3851 3926 3997 4057
-32768 -32768 -32768 3178 3187 3206 3237 3250 3259 3270 3278 3286 3291 3298 3306 3305 3330 3334 3334 3338 3349 3360 3379 3407 3410 3415 3409 3411 3419 3428 3455 3469 3484 3505 3539 3574 3613 3628 3690 3718 3712 3643 3560 3492 3492 3457 3444 3472 3485 3495 3502 3513 3522 3530 3569 3596 3609 3614 3622 3631 3631 3631 3669 3690 3726 3769 3767 3757 3741 3710 3710 3655 3635 3630 3628 3630 3639 3635 3695 3786 3855 3923 3985 4037
-32768 -32768 -32768 3246 3262 3268 3277 3285 3294 3296 3301 3306 3313 3320 3329 3332 3339 3339 3352 3369 3387 3408 3423 3436 3433 3428 3418 3416 3418 3431 3455 3469 3484 3505 3539 3574 3613 3650 3720 3751 3757 3684 3596 3532 3532 3478 3452 3457 3475 3496 3507 3511 3522 3536 3576 3596 3613 3621 3622 3621 3625 3636 3659 3685 3722 3767 3778 3788 3787 3775 3775 3680 3660 3644 3643 3644 3648 3646 3691 3833 3888 3928 3956 3971
-32768 -32768 -32768 3291 3289 3282 3275 3282 3291 3301 3310 3319 3324 3330 3342 3351 3357 3357 3373 3391 3411 3427 3450 3436 3433 3428 3418 3416 3418 3431 3462 3473 3487 3505 3541 3575 3610 3650 3723 3752 3758 3722 3661 3661 3569 3498 3451 3455 3470 3490 3507 3513 3521 3535 3577 3584 3591 3596 3605 3616 3625 3629 3646 3676 3717 3756 3811 3831 3897 3897 3911 3883 3839 3675 3668 3673 3678 3683 3807 3853 3893 3907 3913 3914
-32768 -32768 -32768 3302 3298 3290 3275 3280 3291 3301 3310 3319 3329 3339 3350 3351 3357 3357 3373 3391 3411 3427 3450 3458 3455 3441 3422 3415 3416 3424 3451 3471 3486 3503 3535 3572 3608 3644 3710 3738 3752 3729 3671 3671 3599 3530 3467 3463 3469 3491 3500 3507 3520 3534 3567 3572 3570 3564 3567 3566 3571 3608 3640 3678 3721 3761 3811 3833 4030 4030 4074 4076 3924 3877 3687 3692 3697 3711 3834 3851 3862 3861 3857 3853
-32768 -32768 -32768 3296 3294 3291 3288 3297 3291 3301 3310 3319 3329 3343 3350 3361 3361 3374 3387 3404 3420 3434 3470 3485 3492 3482 3449 3425 3415 3413 3440 3458 3476 3497 3534 3569 3600 3660 3688 3710 3727 3743 3743 3741 3709 3640 3530 3506 3498 3506 3516 3522 3529 3534 3553 3554 3548 3543 3547 3553 3568 3613 3654 3689 3733 3771 3794 3923 4021 4021 4040 4030 3989 3952 3912 3876 3852 3864 3866 3820 3811 3783 3769 3853
-32768 -32768 -32768 3296 3294 3291 3288 3297 3304 3308 3311 3320 3330 3344 3354 3365 3365 3377 3391 3398 3415 3435 3491 3517 3539 3540 3522 3482 3438 3422 3434 3447 3468 3499 3531 3566 3603 3660 3684 3709 3726 3743 3743 3753 3741 3686 3573 3537 3524 3526 3532 3542 3558 3567 3557 3544 3538 3543 3553 3567 3589 3630 3669 3709 3749 3779 3882 3980 3980 3995 4018 4026 4030 4030 4025 3980 3852 3864 3866 3820 3811 3783 3769 3780
-32768 -32768 -32768 3290 3294 3304 3307 3312 3322 3325 3331 3337 3343 3358 3364 3364 3373 3387 3403 3419 3439 3461 3524 3551 3577 3584 3572 3538 3492 3450 3447 3452 3468 3491 3534 3573 3615 3674 3696 3722 3745 3745 3759 3778 3783 3757 3632 3588 3564 3558 3558 3569 3576 3590 3587 3572 3562 3568 3585 3598 3611 3681 3708 3736 3767 3780 3938 3951 3951 3995 4018 4026 4030 4030 4025 3980 3942 3873 3807 3771 3749 3738 3761 3783
-32768 -32768 -32768 3289 3293 3307 3314 3325 3333 3341 3346 3347 3348 3363 3375 3375 3387 3400 3417 3432 3461 3492 3555 3581 3611 3633 3632 3605 3569 3492 3473 3475 3482 3503 3560 3600 3640 3705 3730 3752 3776 3776 3789 3807 3821 3828 3739 3694 3645 3622 3608 3614 3614 3615 3610 3609 3611 3619 3626 3642 3673 3681 3708 3736 3767 3780 3938 3924 3938 3957 3988 3958 3947 3929 3903 3869 3795 3735 3732 3739 3757 3771 3791 3815
-32768 -32768 -32768 3297 3301 3318 3331 3343 3354 3358 3358 3360 3357 3367 3367 3377 3389 3406 3423 3447 3479 3513 3586 3616 3650 3672 3674 3660 3638 3581 3538 3519 3528 3548 3584 3635 3690 3747 3777 3798 3812 3812 3827 3848 3868 3875 3838 3803 3775 3764 3727 3697 3689 3666 3652 3650 3666 3680 3691 3702 3739 3816 3843 3877 3894 3898 3907 3907 3925 3955 3907 3891 3875 3858 3837 3811 3739 3730 3734 3752 3784 3811 3843 3861
-32768 -32768 -32768 3314 3318 3333 3344 3353 3361 3365 3364 3364 3365 3370 3370 3382 3395 3414 3438 3467 3500 3572 3616 3646 3680 3700 3711 3708 3687 3656 3636 3611 3589 3593 3633 3684 3733 3843 3864 3840 3840 3856 3868 3884 3898 3883 3858 3831 3816 3810 3801 3793 3792 3772 3925 3884 3879 3787 3814 3815 3855 3910 3905 3893 3875 3877 3877 3893 3917 3865 3839 3816 3798 3748 3754 3758 3732 3729 3749 3788 3824 3862 3894 3915
-32768 -32768 -32768 3330 3334 3347 3351 3360 3364 3368 3368 3367 3372 3381 3381 3394 3408 3428 3454 3483 3517 3589 3653 3692 3726 3754 3780 3792 3789 3774 3772 3766 3694 3707 3743 3761 3795 3843 3864 3878 3878 3888 3900 3904 3893 3851 3828 3807 3798 3806 3820 3846 3883 3937 3966 3949 3933 3912 3903 3909 3904 3887 3872 3856 3847 3855 3855 3882 3908 3751 3714 3699 3700 3710 3725 3731 3727 3735 3767 3816 3863 3908 3945 3969
-32768 -32768 -32768 3344 3344 3355 3358 3362 3367 3370 3381 3390 3403 3403 3416 3432 3453 3477 3505 3530 3558 3633 3669 3707 3748 3754 3780 3792 3789 3774 3772 3766 3775 3788 3802 3828 3865 3878 3888 3888 3900 3902 3898 3882 3860 3816 3795 3778 3780 3797 3817 3854 3897 3970 3995 3988 3956 3925 3899 3879 3850 3840 3834 3825 3826 3835 3835 3855 3859 3718 3680 3658 3654 3670 3686 3705 3713 3743 3783 3838 3890 3941 3990 4025
-32768 -32768 -32768 3352 3346 3359 3365 3371 3377 3383 3394 3408 3422 3422 3439 3459 3485 3499 3505 3530 3558 3633 3669 3707 3748 3784 3808 3825 3830 3827 3828 3831 3838 3845 3855 3868 3889 3897 3898 3898 3893 3880 3852 3832 3813 3774 3757 3750 3757 3785 3823 3858 3901 3967 3967 3949 3918 3884 3852 3831 3808 3805 3802 3802 3808 3808 3817 3828 3806 3712 3680 3632 3619 3630 3644 3657 3684 3755 3797 3842 3894 3961 4035 4090
-32768 -32768 -32768 3350 3358 3365 3372 3379 3388 3394 3405 3408 3408 3422 3439 3459 3485 3499 3527 3563 3591 3650 3686 3723 3755 3788 3812 3832 3858 3859 3861 3862 3868 3877 3882 3890 3887 3879 3879 3868 3859 3834 3797 3769 3754 3734 3729 3718 3737 3779 3819 3867 3939 3942 3918 3840 3810 3793 3774 3758 3759 3776 3787 3796 3807 3807 3823 3840 3858 3734 3649 3624 3612 3622 3628 3638 3712 3747 3796 3844 3904 3967 4020 4069
-32768 -32768 -32768 3338 3358 3365 3372 3379 3388 3394 3405 3418 3418 3445 3463 3491 3513 3531 3563 3588 3614 3669 3692 3710 3732 3755 3781 3807 3841 3848 3845 3840 3845 3851 3856 3858 3844 3835 3835 3828 3762 3734 3695 3672 3650 3650 3661 3686 3728 3769 3807 3850 3884 3862 3822 3790 3764 3747 3736 3728 3741 3761 3777 3789 3789 3800 3819 3847 3826 3686 3634 3614 3606 3614 3622 3631 3694 3725 3796 3844 3904 3967 4020 4069
-32768 -32768 -32768 3338 3350 3354 3355 3359 3368 3377 3395 3395 3415 3458 3481 3512 3545 3571 3587 3604 3627 3663 3674 3684 3700 3677 3698 3707 3734 3742 3739 3738 3738 3739 3748 3751 3742 3736 3736 3729 3717 3690 3653 3626 3613 3629 3654 3695 3734 3780 3823 3855 3851 3820 3781 3750 3716 3706 3698 3697 3711 3726 3734 3739 3739 3748 3768 3738 3692 3647 3631 3614 3606 3614 3622 3631 3694 3725 3773 3823 3879 3945 4004 4048
-32768 -32768 -32768 3321 3330 3331 3334 3337 3345 3356 3350 3350 3371 3435 3473 3508 3546 3575 3596 3599 3589 3593 3600 3611 3623 3638 3651 3655 3677 3682 3685 3686 3685 3688 3694 3694 3689 3689 3685 3680 3669 3632 3606 3590 3594 3610 3645 3700 3737 3769 3797 3814 3796 3765 3736 3706 3676 3660 3662 3663 3663 3668 3676 3676 3739 3748 3768 3738 3692 3647 3631 3604 3598 3603 3608 3627 3679 3710 3750 3810 3871 3913 3985 4047
-32768 -32768 -32768 3293 3298 3298 3299 3300 3303 3313 3313 3328 3375 3405 3442 3470 3503 3528 3547 3553 3550 3553 3557 3569 3579 3592 3603 3603 3630 3632 3634 3635 3639 3638 3639 3641 3643 3643 3641 3636 3610 3581 3561 3559 3573 3593 3623 3664 3696 3718 3731 3745 3732 3706 3684 3655 3676 3660 3662 3663 3663 3668 3676 3676 3670 3671 3682 3676 3660 3634 3607 3588 3585 3582 3598 3613 3662 3697 3741 3799 3850 3904 3960 4094
-32768 -32768 -32768 3284 3288 3286 3290 3287 3290 3297 3297 3315 3350 3374 3405 3430 3456 3474 3491 3499 3511 3516 3518 3526 3537 3546 3557 3564 3584 3583 3586 3590 3592 3592 3596 3600 3600 3599 3590 3579 3556 3536 3529 3529 3559 3559 3576 3607 3635 3718 3731 3745 3732 3706 3684 3655 3636 3622 3572 3554 3557 3559 3560 3560 3554 3555 3568 3575 3567 3560 3552 3546 3556 3583 3600 3611 3648 3680 3723 3776 3829 3883 3932 4042
-32768 -32768 -32768 3277 3277 3278 3278 3275 3279 3279 3287 3299 3329 3350 3373 3393 3411 3429 3442 3456 3472 3479 3482 3492 3498 3507 3520 3528 3537 3541 3542 3543 3543 3546 3549 3552 3552 3549 3542 3527 3512 3503 3529 3509 3517 3511 3522 3548 3566 3582 3599 3603 3602 3587 3578 3569 3558 3550 3544 3517 3515 3520 3520 3520 3513 3522 3533 3535 3536 3533 3526 3526 3544 3573 3583 3589 3626 3651 3699 3742 3796 3866 3915 4012
-32768 -32768 -32768 3267 3267 3271 3270 3264 3269 3269 3279 3287 3309 3326 3343 3363 3382 3397 3408 3418 3441 3448 3458 3463 3468 3477 3487 3503 3505 3505 3505 3506 3507 3506 3508 3508 3504 3502 3489 3483 3479 3476 3474 3477 3472 3468 3477 3500 3513 3525 3535 3546 3548 3544 3537 3536 3534 3526 3521 3500 3495 3493 3493 3502 3505 3511 3516 3524 3525 3516 3509 3513 3524 3543 3552 3576 3600 3632 3661 3700 3749 3799 3863 3974
-32768 -32768 -32768 3260 3263 3264 3261 3253 3262 3262 3272 3276 3294 3299 3310 3322 3338 3352 3364 3375 3392 3422 3431 3439 3447 3458 3467 3474 3473 3472 3473 3479 3480 3474 3468 3468 3464 3457 3452 3449 3447 3445 3440 3437 3425 3425 3442 3455 3466 3480 3493 3512 3522 3523 3514 3504 3498 3495 3498 3478 3477 3477 3496 3504 3504 3502 3508 3518 3513 3505 3499 3504 3505 3511 3519 3539 3568 3605 3633 3665 3701 3753 3812 3934
-32768 -32768 -32768 3241 3246 3246 3242 3239 3239 3245 3255 3264 3280 3287 3310 3322 3338 3352 3364 3385 3392 3401 3409 3420 3431 3441 3447 3450 3449 3449 3451 3458 3457 3446 3446 3437 3425 3415 3409 3410 3406 3399 3394 3395 3387 3393 3403 3413 3425 3433 3448 3476 3484 3485 3482 3478 3480 3479 3478 3455 3470 3470 3484 3489 3488 3492 3499 3502 3503 3498 3494 3497 3493 3496 3503 3530 3548 3562 3579 3614 3637 3662 3702 3787
