input_highsierra/dem84.asc
ncols        387
nrows        170
xllcorner    -118.377601393217
yllcorner    36.483606426649
cellsize     0.000906194390
NODATA_value -32768
[rows 0 to 36 of 170, columns 168 to 251 of 387]
-32768 -32768 -32768 -32768 -32768 -32768 -32768 -32768 -32768 -32768 -32768 -32768 -32768 -32768 -32768 -32768 -32768 -32768 -32768 -32768 -32768 -32768 -32768 -32768 -32768 -32768 -32768 -32768 -32768 -32768 -32768 -32768 -32768 -32768 -32768 -32768 -32768 -32768 -32768 -32768 -32768 -32768 -32768 -32768 -32768 -32768 -32768 -32768 -32768 -32768 -32768 -32768 -32768 -32768 -32768 -32768 -32768 -32768 -32768 -32768 -32768 -32768 -32768 -32768 -32768 -32768 -32768 -32768 -32768 -32768 -32768 -32768 -32768 -32768 -32768 -32768 -32768 -32768 -32768 -32768 -32768 -32768 -32768 -32768
-32768 -32768 -32768 -32768 -32768 -32768 -32768 -32768 -32768 -32768 -32768 -32768 -32768 -32768 -32768 -32768 -32768 -32768 -32768 -32768 -32768 -32768 -32768 -32768 -32768 -32768 -32768 -32768 -32768 -32768 -32768 -32768 -32768 -32768 -32768 -32768 -32768 -32768 -32768 -32768 -32768 -32768 -32768 -32768 -32768 -32768 -32768 -32768 -32768 -32768 -32768 -32768 -32768 -32768 -32768 -32768 -32768 -32768 -32768 -32768 -32768 -32768 -32768 -32768 -32768 -32768 -32768 -32768 -32768 -32768 -32768 -32768 -32768 -32768 -32768 -32768 -32768 -32768 -32768 -32768 -32768 -32768 -32768 -32768
-32768 -32768 -32768 -32768 -32768 -32768 -32768 -32768 -32768 -32768 -32768 -32768 -32768 -32768 -32768 -32768 -32768 -32768 -32768 -32768 -32768 -32768 -32768 -32768 -32768 -32768 -32768 -32768 -32768 -32768 -32768 -32768 -32768 -32768 -32768 -32768 -32768 -32768 -32768 -32768 -32768 -32768 -32768 -32768 -32768 -32768 -32768 -32768 -32768 -32768 -32768 -32768 -32768 -32768 -32768 -32768 -32768 -32768 -32768 -32768 -32768 -32768 -32768 -32768 -32768 -32768 -32768 -32768 -32768 -32768 -32768 -32768 -32768 -32768 -32768 -32768 -32768 -32768 -32768 -32768 -32768 -32768 -32768 -32768
-32768 -32768 -32768 -32768 -32768 -32768 -32768 -32768 -32768 -32768 -32768 -32768 -32768 -32768 -32768 -32768 -32768 -32768 -32768 -32768 -32768 -32768 -32768 1772 1763 1755 1755 1749 1739 -32768 -32768 -32768 -32768 -32768 -32768 -32768 -32768 -32768 -32768 -32768 -32768 -32768 -32768 -32768 -32768 -32768 -32768 -32768 -32768 -32768 -32768 -32768 -32768 -32768 -32768 -32768 -32768 -32768 -32768 -32768 -32768 -32768 -32768 -32768 -32768 -32768 -32768 -32768 -32768 -32768 -32768 -32768 -32768 -32768 -32768 -32768 -32768 -32768 -32768 -32768 -32768 -32768 -32768 -32768
1975 1964 1955 1946 1925 1918 1905 1898 1892 1885 1877 1863 1853 1847 1840 1837 1829 1823 1814 1801 1794 1785 1780 1772 1763 1763 1755 1744 1739 1733 1727 1720 1716 1710 1704 1692 1685 1679 1675 1670 1662 1656 1650 1637 1632 1625 1620 1615 1611 1605 1594 1594 1592 1587 1581 1577 1574 1573 1568 1561 1557 1557 1553 1553 1548 1547 1545 1537 1536 1531 1530 1527 1524 1520 1512 1512 1512 1512 1509 1505 1502 1500 1495 1494
1976 1968 1956 1938 1930 1921 1911 1900 1893 1884 1879 1867 1859 1847 1840 1837 1829 1823 1814 1801 1794 1787 1780 1772 1764 1764 1757 1749 1741 1735 1729 1723 1718 1713 1707 1695 1688 1683 1679 1672 1664 1657 1651 1638 1634 1626 1623 1618 1614 1608 1599 1599 1594 1591 1587 1583 1581 1576 1572 1562 1563 1563 1560 1558 1556 1552 1548 1543 1539 1536 1534 1529 1528 1526 1517 1518 1518 1518 1518 1515 1511 1508 1504 1500
1975 1964 1956 1939 1930 1921 1911 1900 1893 1884 1879 1867 1859 1852 1847 1841 1832 1824 1816 1805 1795 1788 1782 1775 1775 1768 1764 1755 1749 1740 1733 1727 1723 1718 1711 1699 1692 1687 1680 1675 1665 1660 1650 1643 1639 1633 1626 1622 1619 1614 1614 1604 1599 1594 1591 1585 1585 1581 1577 1569 1575 1572 1570 1569 1563 1560 1556 1552 1549 1546 1543 1540 1532 1529 1527 1524 1524 1523 1522 1516 1516 1512 1507 1502
1975 1964 1956 1939 1930 1921 1913 1904 1897 1889 1882 1872 1865 1857 1851 1844 1835 1831 1813 1807 1795 1788 1784 1779 1779 1772 1768 1757 1751 1744 1740 1734 1727 1721 1714 1700 1692 1687 1682 1678 1670 1666 1652 1651 1647 1642 1635 1631 1626 1623 1623 1610 1605 1604 1601 1596 1593 1590 1585 1578 1577 1578 1575 1572 1569 1565 1560 1557 1553 1551 1545 1540 1537 1537 1530 1531 1531 1529 1525 1520 1519 1512 1505 1502
1970 1962 1954 1937 1929 1919 1913 1906 1898 1895 1890 1878 1870 1864 1857 1850 1839 1832 1814 1807 1801 1796 1791 1784 1784 1784 1777 1763 1758 1753 1744 1738 1732 1724 1718 1704 1697 1691 1686 1683 1677 1670 1659 1655 1652 1644 1640 1633 1627 1622 1622 1613 1610 1608 1604 1601 1598 1596 1587 1584 1584 1582 1580 1579 1574 1568 1565 1561 1555 1554 1546 1544 1537 1537 1530 1530 1531 1529 1525 1520 1519 1516 1510 1507
1972 1961 1955 1939 1932 1926 1919 1913 1906 1899 1901 1884 1878 1872 1864 1851 1844 1839 1823 1817 1811 1804 1797 1797 1791 1787 1783 1766 1761 1755 1747 1738 1735 1728 1715 1707 1700 1695 1691 1687 1677 1671 1662 1658 1653 1649 1644 1639 1630 1630 1624 1617 1618 1615 1608 1605 1602 1598 1592 1590 1589 1587 1585 1584 1574 1568 1565 1561 1555 1554 1546 1544 1543 1541 1536 1536 1534 1527 1526 1523 1521 1517 1512 1510
1980 1972 1968 1953 1943 1934 1931 1924 1917 1911 1893 1887 1879 1873 1865 1855 1848 1843 1828 1825 1818 1809 1803 1803 1799 1793 1787 1772 1765 1758 1750 1741 1735 1730 1715 1709 1702 1695 1691 1686 1681 1675 1666 1663 1659 1657 1652 1644 1632 1632 1630 1625 1623 1616 1611 1609 1602 1598 1592 1590 1589 1587 1585 1584 1579 1573 1569 1562 1559 1554 1551 1551 1548 1541 1541 1541 1538 1534 1533 1530 1526 1526 1523 1517
1987 1981 1976 1956 1949 1943 1937 1930 1921 1913 1896 1890 1881 1873 1867 1858 1852 1846 1834 1829 1822 1816 1812 1812 1805 1798 1790 1771 1767 1758 1750 1744 1738 1733 1718 1713 1706 1699 1694 1687 1681 1676 1669 1665 1664 1661 1654 1644 1644 1632 1626 1625 1623 1616 1611 1609 1610 1606 1601 1601 1596 1593 1588 1591 1587 1583 1571 1571 1565 1562 1562 1560 1555 1550 1550 1548 1546 1544 1542 1537 1532 1530 1527 1523
1994 1987 1980 1963 1958 1949 1941 1933 1924 1916 1899 1891 1885 1878 1869 1864 1857 1850 1837 1830 1826 1819 1819 1813 1806 1797 1779 1775 1768 1761 1754 1746 1740 1735 1719 1715 1709 1701 1698 1688 1681 1676 1669 1665 1664 1661 1653 1649 1649 1647 1637 1632 1630 1627 1620 1619 1619 1616 1611 1607 1605 1602 1601 1598 1590 1584 1575 1574 1572 1568 1565 1564 1560 1556 1556 1552 1550 1546 1543 1540 1539 1533 1527 1522
2005 1995 1979 1970 1963 1953 1945 1939 1928 1920 1901 1893 1888 1882 1875 1866 1861 1854 1842 1835 1827 1821 1821 1816 1806 1796 1782 1775 1767 1760 1754 1747 1741 1733 1721 1718 1712 1702 1697 1692 1687 1682 1675 1669 1662 1659 1655 1651 1651 1650 1639 1638 1637 1632 1628 1628 1626 1620 1614 1608 1607 1604 1603 1599 1593 1587 1583 1579 1576 1571 1570 1566 1562 1558 1558 1557 1553 1547 1548 1547 1539 1533 1528 1521
2013 2005 1986 1976 1967 1958 1950 1942 1930 1924 1907 1896 1892 1888 1880 1871 1865 1858 1846 1835 1829 1829 1820 1814 1807 1798 1784 1776 1769 1761 1753 1747 1741 1732 1723 1719 1713 1706 1701 1697 1690 1681 1676 1671 1667 1661 1657 1657 1656 1653 1647 1643 1639 1638 1635 1632 1629 1627 1619 1616 1611 1611 1605 1600 1596 1593 1589 1586 1581 1577 1576 1570 1568 1568 1562 1561 1559 1555 1557 1552 1542 1539 1530 1527
2016 2006 1987 1977 1969 1959 1950 1943 1932 1926 1910 1903 1894 1888 1880 1870 1863 1847 1842 1835 1826 1826 1818 1811 1802 1796 1783 1777 1768 1760 1755 1749 1741 1734 1723 1717 1712 1705 1702 1697 1693 1684 1680 1675 1672 1670 1665 1665 1660 1659 1652 1650 1649 1644 1641 1638 1635 1632 1624 1621 1617 1611 1606 1605 1601 1596 1591 1589 1587 1582 1578 1573 1572 1572 1569 1564 1559 1558 1555 1548 1546 1540 1538 1536
2016 2006 1987 1977 1969 1959 1950 1943 1937 1929 1911 1902 1894 1885 1877 1871 1863 1847 1840 1835 1825 1825 1818 1811 1803 1797 1785 1778 1773 1763 1757 1751 1744 1735 1725 1720 1715 1707 1704 1701 1698 1688 1684 1679 1680 1672 1670 1670 1671 1666 1657 1657 1653 1650 1646 1644 1643 1633 1629 1625 1622 1616 1611 1610 1606 1601 1595 1595 1591 1589 1588 1584 1584 1580 1570 1569 1566 1563 1561 1558 1553 1546 1542 1538
2022 2007 1986 1976 1966 1959 1951 1946 1937 1928 1911 1901 1892 1884 1876 1872 1864 1845 1837 1832 1832 1824 1820 1812 1808 1799 1786 1779 1771 1763 1757 1753 1744 1730 1726 1720 1716 1712 1709 1705 1701 1692 1687 1686 1684 1679 1679 1677 1676 1677 1667 1664 1662 1660 1659 1654 1648 1639 1637 1634 1628 1627 1622 1619 1614 1609 1604 1600 1595 1595 1591 1583 1583 1580 1572 1569 1566 1563 1561 1558 1553 1546 1542 1538
2036 2024 1989 1977 1965 1959 1953 1942 1935 1921 1909 1904 1894 1884 1876 1868 1860 1845 1839 1833 1833 1826 1823 1815 1809 1801 1786 1781 1773 1767 1760 1755 1749 1736 1733 1729 1722 1718 1714 1710 1706 1702 1700 1693 1690 1692 1692 1692 1687 1682 1673 1669 1667 1665 1660 1654 1652 1646 1645 1642 1637 1631 1628 1625 1620 1611 1606 1600 1595 1595 1591 1583 1583 1577 1572 1569 1564 1566 1563 1561 1552 1544 1540 1536
2064 2045 1998 1983 1974 1962 1950 1939 1932 1917 1910 1902 1892 1884 1872 1866 1861 1846 1839 1839 1831 1822 1815 1811 1802 1793 1787 1779 1773 1767 1760 1755 1751 1738 1733 1731 1725 1721 1720 1716 1713 1707 1700 1699 1701 1701 1701 1696 1690 1684 1680 1676 1673 1667 1663 1662 1658 1651 1649 1642 1637 1631 1628 1625 1620 1611 1606 1604 1601 1597 1594 1594 1589 1580 1575 1574 1574 1569 1564 1560 1553 1546 1542 1536
2096 2056 2028 2007 1991 1975 1961 1951 1940 1917 1906 1897 1890 1882 1874 1866 1858 1842 1838 1838 1830 1824 1814 1807 1801 1792 1786 1778 1771 1765 1761 1756 1750 1745 1741 1738 1733 1729 1726 1720 1719 1711 1705 1705 1707 1707 1701 1698 1695 1690 1685 1676 1673 1667 1663 1662 1658 1651 1649 1646 1643 1637 1633 1628 1625 1611 1611 1611 1607 1598 1598 1598 1592 1589 1581 1580 1576 1571 1565 1563 1557 1550 1543 1536
2158 2099 2077 2045 2015 2002 1991 1975 1954 1926 1911 1899 1892 1883 1873 1865 1857 1839 1835 1835 1827 1822 1815 1809 1801 1792 1783 1778 1773 1771 1764 1759 1754 1750 1746 1742 1741 1739 1731 1725 1724 1719 1705 1705 1707 1707 1701 1698 1695 1690 1685 1683 1676 1672 1669 1666 1662 1653 1651 1649 1648 1642 1638 1632 1624 1618 1616 1611 1610 1606 1601 1601 1601 1594 1589 1584 1581 1575 1567 1560 1555 1545 1540 1536
2224 2164 2137 2102 2068 2045 2021 1995 1967 1943 1928 1907 1892 1885 1873 1863 1856 1842 1842 1835 1829 1823 1813 1808 1803 1793 1785 1781 1775 1769 1763 1761 1762 1757 1746 1742 1741 1739 1731 1725 1721 1719 1716 1713 1713 1710 1708 1705 1701 1694 1689 1686 1682 1682 1682 1679 1674 1664 1661 1657 1653 1645 1640 1635 1631 1625 1619 1614 1610 1607 1607 1606 1605 1611 1597 1590 1579 1569 1561 1556 1554 1548 1544 1535
2284 2223 2183 2147 2120 2086 2052 2017 1993 1959 1937 1914 1897 1885 1873 1869 1853 1846 1846 1838 1828 1821 1814 1806 1804 1793 1785 1781 1775 1769 1763 1761 1762 1757 1752 1754 1753 1746 1744 1740 1733 1731 1729 1726 1726 1721 1721 1717 1711 1702 1698 1694 1691 1690 1688 1681 1677 1669 1664 1659 1653 1649 1643 1641 1632 1628 1622 1618 1615 1615 1615 1614 1620 1633 1616 1594 1577 1566 1563 1560 1556 1557 1552 1552
2336 2261 2217 2181 2147 2113 2078 2046 2018 1964 1938 1917 1903 1887 1876 1870 1852 1847 1847 1840 1830 1822 1817 1811 1805 1793 1790 1789 1783 1782 1779 1773 1771 1769 1765 1761 1758 1756 1754 1747 1742 1738 1735 1735 1731 1727 1724 1720 1716 1708 1704 1700 1695 1694 1689 1683 1675 1671 1666 1661 1658 1654 1647 1642 1635 1630 1628 1623 1620 1620 1621 1624 1636 1648 1627 1597 1582 1575 1568 1566 1564 1567 1574 1568
2389 2302 2263 2218 2171 2125 2085 2059 1991 1962 1940 1917 1903 1891 1880 1874 1858 1858 1853 1842 1833 1826 1820 1814 1806 1799 1800 1795 1791 1787 1786 1784 1780 1779 1773 1766 1765 1762 1760 1752 1747 1745 1742 1742 1740 1734 1730 1725 1723 1716 1711 1706 1700 1696 1692 1688 1676 1668 1664 1664 1658 1656 1648 1646 1639 1636 1631 1627 1625 1625 1628 1635 1654 1660 1634 1625 1611 1587 1576 1571 1571 1581 1590 1580
2438 2353 2301 2246 2188 2146 2115 2083 2004 1975 1950 1926 1911 1898 1888 1879 1861 1861 1852 1842 1840 1828 1821 1815 1810 1803 1799 1797 1794 1793 1791 1789 1786 1784 1777 1776 1774 1767 1762 1761 1755 1752 1749 1749 1745 1739 1736 1729 1726 1719 1714 1709 1704 1699 1695 1691 1683 1678 1673 1668 1662 1657 1654 1653 1641 1639 1636 1631 1629 1629 1630 1640 1666 1638 1633 1627 1614 1594 1586 1577 1584 1598 1599 1581
2478 2364 2305 2259 2230 2199 2148 2106 2021 1985 1954 1935 1920 1907 1896 1885 1885 1865 1855 1847 1842 1832 1826 1821 1818 1811 1809 1805 1802 1800 1797 1796 1790 1791 1786 1782 1779 1774 1767 1766 1760 1756 1756 1752 1748 1743 1738 1732 1726 1722 1717 1714 1710 1704 1698 1695 1688 1680 1675 1673 1672 1669 1663 1659 1653 1649 1646 1642 1642 1639 1633 1635 1641 1638 1633 1627 1614 1594 1589 1587 1598 1608 1599 1587
2420 2365 2316 2309 2280 2226 2182 2131 2039 2001 1969 1947 1933 1920 1906 1890 1890 1870 1859 1849 1843 1835 1827 1826 1820 1816 1815 1813 1809 1809 1808 1805 1800 1797 1793 1788 1782 1777 1774 1778 1770 1766 1766 1764 1759 1754 1750 1745 1738 1733 1725 1718 1713 1708 1704 1698 1692 1684 1680 1677 1675 1669 1663 1659 1653 1649 1646 1642 1642 1639 1635 1632 1627 1621 1617 1614 1608 1612 1607 1605 1600 1605 1603 1594
2433 2395 2393 2362 2303 2252 2211 2154 2054 2016 1988 1969 1952 1931 1915 1898 1898 1875 1865 1857 1847 1842 1845 1841 1834 1830 1833 1827 1826 1824 1821 1818 1809 1803 1801 1798 1797 1792 1789 1777 1776 1774 1774 1768 1763 1757 1754 1749 1739 1734 1730 1723 1715 1708 1704 1698 1692 1684 1680 1677 1675 1673 1667 1659 1656 1654 1650 1647 1647 1641 1637 1634 1629 1630 1631 1624 1622 1633 1635 1628 1612 1612 1612 1606
2463 2457 2429 2370 2318 2269 2216 2160 2099 2072 2039 1998 1968 1954 1939 1939 1907 1897 1885 1871 1861 1852 1850 1846 1843 1841 1840 1837 1834 1831 1827 1824 1814 1809 1808 1805 1800 1796 1790 1785 1782 1782 1775 1770 1770 1757 1754 1749 1739 1734 1730 1723 1715 1710 1706 1703 1692 1689 1687 1684 1680 1676 1672 1666 1659 1656 1653 1653 1649 1642 1638 1635 1632 1635 1636 1635 1643 1658 1663 1650 1624 1623 1627 1628
2495 2441 2389 2342 2300 2256 2216 2183 2123 2094 2057 2013 1986 1973 1959 1959 1925 1911 1894 1879 1866 1861 1856 1853 1851 1849 1847 1843 1837 1835 1831 1828 1823 1820 1816 1812 1808 1796 1790 1785 1782 1782 1775 1770 1770 1765 1759 1755 1742 1736 1732 1725 1719 1716 1709 1707 1698 1696 1689 1684 1682 1678 1675 1666 1663 1659 1652 1652 1648 1647 1645 1638 1644 1649 1649 1652 1681 1680 1668 1644 1639 1634 1638 1643
2489 2447 2410 2369 2323 2289 2258 2215 2147 2119 2079 2040 2014 1990 1990 1971 1934 1915 1899 1881 1869 1865 1861 1860 1857 1857 1853 1849 1847 1835 1831 1828 1823 1820 1816 1812 1808 1802 1799 1791 1791 1787 1781 1775 1773 1769 1762 1757 1746 1738 1735 1732 1726 1722 1717 1706 1700 1700 1692 1694 1690 1685 1682 1673 1666 1663 1663 1659 1653 1651 1646 1643 1649 1655 1672 1686 1680 1667 1654 1637 1637 1640 1639 1635
2544 2493 2436 2388 2346 2304 2265 2183 2156 2124 2093 2066 2037 2001 2001 1972 1929 1909 1894 1879 1872 1865 1861 1860 1857 1857 1853 1849 1847 1841 1837 1833 1830 1825 1824 1818 1816 1811 1810 1795 1795 1788 1791 1785 1781 1774 1768 1761 1760 1748 1745 1739 1734 1729 1724 1712 1707 1705 1700 1696 1690 1685 1680 1673 1665 1663 1663 1660 1655 1652 1646 1644 1646 1651 1664 1668 1657 1649 1646 1643 1644 1650 1651 1643
2537 2484 2438 2389 2346 2307 2268 2202 2174 2152 2129 2102 2037 2001 2001 1972 1929 1909 1894 1879 1872 1868 1868 1870 1867 1873 1868 1863 1861 1857 1856 1845 1842 1841 1837 1831 1823 1822 1815 1804 1804 1800 1794 1788 1784 1778 1773 1765 1761 1752 1746 1741 1737 1731 1728 1718 1715 1707 1703 1697 1691 1689 1683 1673 1670 1664 1664 1662 1659 1655 1650 1642 1641 1641 1644 1641 1639 1639 1640 1646 1651 1657 1659 1657
2503 2464 2426 2390 2361 2307 2268 2202 2174 2152 2159 2130 2090 2090 2037 1986 1922 1907 1903 1896 1890 1890 1888 1887 1885 1881 1876 1872 1868 1866 1863 1855 1851 1846 1841 1838 1831 1825 1820 1820 1811 1806 1799 1795 1788 1782 1778 1767 1761 1753 1748 1742 1737 1734 1729 1720 1716 1711 1706 1701 1696 1689 1684 1675 1671 1671 1668 1665 1662 1658 1650 1643 1641 1636 1635 1635 1635 1637 1641 1654 1661 1668 1675 1674
2509 2476 2447 2424 2404 2386 2352 2284 2241 2207 2160 2118 2079 2079 2037 2001 1937 1920 1914 1908 1905 1900 1898 1895 1891 1888 1886 1882 1876 1874 1870 1865 1861 1856 1847 1843 1838 1831 1828 1828 1813 1809 1803 1799 1791 1787 1782 1770 1766 1759 1751 1745 1742 1738 1734 1721 1717 1712 1708 1704 1696 1692 1688 1676 1670 1670 1667 1664 1661 1656 1648 1643 1639 1637 1632 1632 1634 1637 1644 1668 1673 1678 1684 1680
