input_highsierra/slope84.asc
ncols        387
nrows        170
xllcorner    -118.377601393217
yllcorner    36.483606426649
cellsize     0.000906194390
NODATA_value  -3.4028234663852885981e+38
[rows 108 to 125 of 170, columns 320 to 359 of 387]
2.1653120517730712891 3.276348114013671875 3.0864977836608886719 2.6662166118621826172 2.7721080780029296875 2.5922811031341552734 4.4130105972290039062 4.9365329742431640625 4.93798065185546875 5.7312779426574707031 5.5787882804870605469 5.031185150146484375 5.5312986373901367188 7.2915582656860351562 6.8431024551391601562 4.2811560630798339844 4.143314361572265625 5.7511310577392578125 5.7511310577392578125 5.4337296485900878906 4.6638479232788085938 4.9321866035461425781 6.5844197273254394531 6.883350372314453125 5.5222668647766113281 6.1181082725524902344 7.5931730270385742188 8.9338121414184570312 8.0836515426635742188 6.7092437744140625 5.1657037734985351562 2.9701068401336669922 2.3195443153381347656 2.2146685123443603516 3.8563752174377441406 6.3237519264221191406 3.1304562091827392578 16.811491012573242188 23.038267135620117188 15.586462974548339844
2.6445264816284179688 2.5218794345855712891 2.5922811031341552734 2.1653120517730712891 2.0560467243194580078 3.8414583206176757812 4.8503246307373046875 3.2653589248657226562 3.3199374675750732422 4.591152191162109375 4.5582895278930664062 4.4437422752380371094 4.3343863487243652344 6.4328632354736328125 7.0820283889770507812 4.7308740615844726562 5.0069799423217773438 5.54931640625 5.54931640625 4.1983189582824707031 3.5297484397888183594 4.1068115234375 5.3928728103637695312 5.9111056327819824219 5.0988974571228027344 4.4501848220825195312 3.988086700439453125 4.7308740615844726562 6.3607091903686523438 7.6486878395080566406 7.25171661376953125 4.8192605972290039062 3.2432680130004882812 1.7200143337249755859 2.0419759750366210938 4.9205770492553710938 3.7659771442413330078 12.786474227905273438 19.667484283447265625 14.794199943542480469
3.8563752174377441406 3.6713736057281494141 3.1419210433959960938 3.3479635715484619141 2.5922811031341552734 3.5540857315063476562 4.8192605972290039062 4.6129283905029296875 4.9509930610656738281 5.2778334617614746094 4.6822247505187988281 4.1640272140502929688 4.286174774169921875 5.5183911323547363281 6.4757566452026367188 5.5736742019653320312 5.0411176681518554688 5.0411176681518554688 5.0084071159362792969 3.6022617816925048828 3.1510627269744873047 3.9062938690185546875 4.9278364181518554688 5.0566859245300292969 4.3244562149047851562 4.0221157073974609375 2.7090730667114257812 2.6526813507080078125 3.6082379817962646484 6.2240910530090332031 6.957019805908203125 4.9726023674011230469 3.6713736057281494141 1.8059095144271850586 1.2074856758117675781 3.3199374675750732422 3.7044720649719238281 11.683809280395507812 18.929269790649414062 14.788846015930175781
3.24105072021484375 3.1419210433959960938 3.6967110633850097656 4.8014178276062011719 4.1224956512451171875 3.8693797588348388672 4.451793670654296875 3.737274169921875 3.6967110633850097656 3.988086700439453125 3.1579015254974365234 3.3800101280212402344 4.8811869621276855469 4.8972735404968261719 5.1546311378479003906 5.8322925567626953125 5.7312779426574707031 5.7312779426574707031 4.7293615341186523438 2.50756072998046875 1.9368982315063476562 2.5671601295471191406 3.2785413265228271484 3.3025712966918945312 3.8414583206176757812 4.5958271026611328125 3.988086700439453125 3.6438877582550048828 3.9610126018524169922 6.4768524169921875 6.9975991249084472656 4.52518463134765625 3.3025712966918945312 2.4494445323944091797 1.3698548078536987305 1.446696162223815918 4.205142974853515625 11.827746391296386719 19.002729415893554688 13.359041213989257812
3.2609527111053466797 3.4990866184234619141 4.0787777900695800781 5.3809518814086914062 5.4337296485900878906 4.9278364181518554688 4.8972735404968261719 3.5621607303619384766 3.1963760852813720703 3.4619302749633789062 2.8005220890045166016 3.0086109638214111328 4.2911877632141113281 4.8251934051513671875 4.6268720626831054688 5.2845916748046875 5.7844748497009277344 5.7844748497009277344 5.0580987930297851562 3.6497952938079833984 3.0110008716583251953 3.7257301807403564453 3.6733288764953613281 2.1653120517730712891 2.8915498256683349609 4.1640272140502929688 4.4806575775146484375 4.0470042228698730469 4.451793670654296875 7.4827361106872558594 8.061878204345703125 4.8148064613342285156 3.3693621158599853516 2.9212579727172851562 2.3102078437805175781 2.2851228713989257812 3.8133299350738525391 10.364809036254882812 17.067432403564453125 12.190455436706542969
1.9810569286346435547 2.5867199897766113281 2.3929204940795898438 3.2609527111053466797 3.6022617816925048828 5.0792431831359863281 6.1099667549133300781 3.9172995090484619141 2.9821932315826416016 3.2653589248657226562 2.9310934543609619141 2.5978305339813232422 3.3885042667388916016 5.1987781524658203125 5.1587862968444824219 4.5661358833312988281 4.5661358833312988281 5.2845916748046875 6.0819678306579589844 5.6448388099670410156 4.6129283905029296875 5.8869709968566894531 5.4976754188537597656 3.1896204948425292969 3.1783289909362792969 2.6445264816284179688 2.8865685462951660156 2.6445264816284179688 3.4805586338043212891 7.6927971839904785156 8.3797121047973632812 4.9147615432739257812 3.9062938690185546875 3.6438877582550048828 4.1897726058959960938 3.9081304073333740234 2.7643077373504638672 9.0201997756958007812 11.386248588562011719 9.091136932373046875
1.8993128538131713867 2.0560467243194580078 1.9256999492645263672 2.5922811031341552734 2.8865685462951660156 5.3503632545471191406 6.3729791641235351562 4.211956024169921875 3.4990866184234619141 3.8563752174377441406 4.0238986015319824219 3.1419210433959960938 3.1783289909362792969 5.2083845138549804688 5.5312986373901367188 5.0397000312805175781 5.0397000312805175781 3.9610126018524169922 3.8133299350738525391 3.7678828239440917969 2.8915498256683349609 5.3436899185180664062 5.5787882804870605469 3.4805586338043212891 4.143314361572265625 2.5218794345855712891 2.4728555679321289062 2.7850596904754638672 3.4640049934387207031 7.2165446281433105469 7.7056126594543457031 5.7597947120666503906 5.4389786720275878906 4.2000260353088378906 4.3194828033447265625 5.4389786720275878906 4.5629992485046386719 8.8765096664428710938 10.30394744873046875 8.0417919158935546875
4.8972735404968261719 5.0340251922607421875 3.7506964206695556641 3.2499113082885742188 3.8414583206176757812 5.4560017585754394531 5.6410498619079589844 5.2207088470458984375 4.7005281448364257812 4.205142974853515625 4.9509930610656738281 4.4630413055419921875 4.6561694145202636719 4.5661358833312988281 3.8133299350738525391 4.211956024169921875 4.211956024169921875 3.988086700439453125 3.4640049934387207031 3.5317831039428710938 2.9212579727172851562 4.5204348564147949219 4.8899679183959960938 4.4437422752380371094 4.9726023674011230469 2.5247335433959960938 1.4615788459777832031 2.4317374229431152344 3.1419210433959960938 5.6309332847595214844 6.0538353919982910156 5.2207088470458984375 5.661228179931640625 4.9205770492553710938 4.3591113090515136719 4.7864971160888671875 5.0960946083068847656 9.381046295166015625 9.636440277099609375 7.4097428321838378906
3.362957000732421875 4.4630413055419921875 4.0858044624328613281 3.721874237060546875 4.5140943527221679688 4.4000058174133300781 4.2000260353088378906 4.6776375770568847656 4.581787109375 3.988086700439453125 4.3983774185180664062 4.5958271026611328125 4.8899679183959960938 4.9278364181518554688 4.1311831474304199219 4.1311831474304199219 3.8693797588348388672 3.6438877582550048828 3.5134291648864746094 3.8133299350738525391 3.5682048797607421875 3.1692664623260498047 2.9531023502349853516 3.8730871677398681641 5.0084071159362792969 3.0371661186218261719 1.7858339548110961914 3.276348114013671875 3.8339779376983642578 5.0397000312805175781 4.8325986862182617188 4.0945706367492675781 4.2593379020690917969 4.0238986015319824219 5.0524449348449707031 5.3490290641784667969 7.5231766700744628906 10.423296928405761719 9.793048858642578125 9.4365568161010742188
3.8860349655151367188 4.451793670654296875 4.5629992485046386719 4.2407879829406738281 5.6750578880310058594 5.0069799423217773438 3.3693621158599853516 4.1640272140502929688 4.4501848220825195312 4.1033182144165039062 3.8414583206176757812 4.1726269721984863281 4.7187595367431640625 4.8928914070129394531 4.6898603439331054688 4.6898603439331054688 3.7944605350494384766 2.9064421653747558594 3.1419210433959960938 4.5330891609191894531 4.5895924568176269531 3.0771627426147460938 2.9039654731750488281 3.8133299350738525391 4.5661358833312988281 3.65569305419921875 3.5540857315063476562 4.6129283905029296875 4.7142086029052734375 5.7548456192016601562 5.6750578880310058594 4.8014178276062011719 4.4227385520935058594 4.0328011512756347656 4.5330891609191894531 4.365680694580078125 6.5281481742858886719 9.490985870361328125 11.711238861083984375 12.138502120971679688
4.7111721038818359375 4.7504930496215820312 5.0467848777770996094 4.4227385520935058594 5.9111056327819824219 6.0125660896301269531 3.8470590114593505859 4.1726269721984863281 4.2390971183776855469 4.0238986015319824219 3.6635417938232421875 4.0096125602722167969 5.3436899185180664062 5.7350058555603027344 4.9668493270874023438 4.9668493270874023438 4.3244562149047851562 4.0470042228698730469 3.7678828239440917969 3.9300999641418457031 3.828357696533203125 4.1983189582824707031 4.5504298210144042969 4.4437422752380371094 3.1783289909362792969 2.4989299774169921875 3.8133299350738525391 4.0328011512756347656 4.4032607078552246094 5.3543629646301269531 4.0593905448913574219 3.4556982517242431641 3.65569305419921875 3.8934142589569091797 4.3261132240295410156 3.9610126018524169922 8.3997812271118164062 9.5049066543579101562 13.1522674560546875 8.882808685302734375
4.7308740615844726562 4.4630413055419921875 4.80886077880859375 4.451793670654296875 5.8041415214538574219 5.8530106544494628906 3.4369339942932128906 4.2407879829406738281 4.1846365928649902344 3.9464960098266601562 4.2811560630798339844 4.9147615432739257812 7.0339121818542480469 6.6870174407958984375 6.6870174407958984375 3.7487819194793701172 3.8693797588348388672 4.0328011512756347656 4.4389042854309082031 3.9610126018524169922 3.6082379817962646484 5.3968405723571777344 6.93663787841796875 5.57239532470703125 3.7659771442413330078 2.8107829093933105469 4.2407879829406738281 3.2432680130004882812 5.7250590324401855469 7.5231766700744628906 5.8530106544494628906 6.0690903663635253906 8.0514049530029296875 9.0480289459228515625 7.2944645881652832031 6.4658842086791992188 5.926738739013671875 7.0469770431518554688 9.2787275314331054688 6.9722657203674316406
4.7954554557800292969 4.1068115234375 4.0998215675354003906 4.891429901123046875 6.0585336685180664062 5.7350058555603027344 3.6320438385009765625 3.2609527111053466797 3.6967110633850097656 4.4097628593444824219 4.7293615341186523438 4.4774599075317382812 6.2206640243530273438 6.5898041725158691406 6.5898041725158691406 5.54931640625 6.5811867713928222656 6.8431024551391601562 5.41268157958984375 4.2509164810180664062 2.6226561069488525391 3.3025712966918945312 4.365680694580078125 3.4138584136962890625 3.3199374675750732422 4.451793670654296875 4.0805354118347167969 3.1692664623260498047 6.5314083099365234375 8.5879688262939453125 6.957019805908203125 6.3796620368957519531 6.708187103271484375 6.0585336685180664062 6.37075042724609375 7.4524922370910644531 7.2204613685607910156 6.8337793350219726562 7.535358428955078125 7.99970245361328125
4.0328011512756347656 3.9736704826354980469 4.3244562149047851562 4.6315102577209472656 6.2480225563049316406 5.7684450149536132812 5.0693869590759277344 4.6129283905029296875 3.7044720649719238281 4.7005281448364257812 4.1966109275817871094 3.4805586338043212891 5.6813325881958007812 5.3075051307678222656 5.3075051307678222656 2.8261036872863769531 4.9278364181518554688 5.8396134376525878906 5.9864754676818847656 5.4651455879211425781 3.3112659454345703125 3.0607573986053466797 3.0677990913391113281 3.5052406787872314453 4.4389042854309082031 4.9625301361083984375 4.0238986015319824219 4.0734996795654296875 8.0260362625122070312 9.2032728195190429688 6.6732196807861328125 4.9855222702026367188 3.8414583206176757812 7.7883739471435546875 10.47945404052734375 10.790597915649414062 10.987679481506347656 9.6479740142822265625 6.5984096527099609375 8.763103485107421875
3.8264825344085693359 4.4950184822082519531 3.5682048797607421875 2.9701068401336669922 5.6448388099670410156 4.8325986862182617188 4.6129283905029296875 5.4742741584777832031 4.2995295524597167969 4.9898214340209960938 3.9062938690185546875 2.9039654731750488281 6.0125660896301269531 6.0125660896301269531 5.4179515838623046875 2.6662166118621826172 4.5330891609191894531 4.755008697509765625 5.0960946083068847656 5.6901059150695800781 4.8325986862182617188 4.2390971183776855469 3.9610126018524169922 4.5708370208740234375 4.9147615432739257812 5.2737741470336914062 4.9668493270874023438 4.9147615432739257812 7.2789502143859863281 6.3428182601928710938 6.8078126907348632812 9.555278778076171875 10.011606216430664062 8.60345458984375 7.4515447616577148438 6.8182115554809570312 8.6925325393676757812 10.338104248046875 9.1941728591918945312 9.9637174606323242188
3.5682048797607421875 4.1846365928649902344 3.6082379817962646484 3.1783289909362792969 5.5838975906372070312 4.4630413055419921875 4.1033182144165039062 5.1546311378479003906 3.988086700439453125 4.5958271026611328125 4.6898603439331054688 4.8148064613342285156 6.6827750205993652344 6.6827750205993652344 5.3703322410583496094 3.4990866184234619141 4.5330891609191894531 4.3261132240295410156 4.4389042854309082031 5.0566859245300292969 5.6788239479064941406 5.6144533157348632812 3.2653589248657226562 3.1715345382690429688 4.1363863945007324219 4.6268720626831054688 4.4372906684875488281 5.0397000312805175781 7.1969270706176757812 8.8953924179077148438 10.75992584228515625 10.417994499206542969 7.8532071113586425781 5.3436899185180664062 6.1285595893859863281 7.2944645881652832031 10.851656913757324219 13.00766754150390625 9.6594944000244140625 5.2899923324584960938
4.5708370208740234375 5.031185150146484375 5.2343678474426269531 4.5661358833312988281 6.6583271026611328125 6.1053094863891601562 4.2945261001586914062 4.4902367591857910156 3.5439658164978027344 3.2653589248657226562 3.4888055324554443359 6.178241729736328125 6.178241729736328125 7.1979093551635742188 4.581787109375 3.1896204948425292969 4.4501848220825195312 4.7984375953674316406 4.8192605972290039062 5.71010589599609375 7.9529557228088378906 9.3012361526489257812 9.44393157958984375 8.3562326431274414062 7.6532950401306152344 7.0790309906005859375 5.0084071159362792969 3.721874237060546875 5.2561464309692382812 6.0585336685180664062 6.3618259429931640625 7.0369291305541992188 6.37075042724609375 7.4287743568420410156 10.583627700805664062 11.946408271789550781 10.354136466979980469 8.1460161209106445312 8.1347932815551757812 8.1347932815551757812
5.7250590324401855469 5.1739926338195800781 4.7005281448364257812 3.9736704826354980469 5.5067486763000488281 5.9650411605834960938 4.1311831474304199219 4.1311831474304199219 4.9855222702026367188 4.4630413055419921875 4.8488497734069824219 6.9651551246643066406 6.9651551246643066406 6.6487355232238769531 4.8547453880310058594 4.9278364181518554688 5.7807798385620117188 6.2707271575927734375 6.87511444091796875 7.4325742721557617188 7.8361530303955078125 6.6487355232238769531 5.4742741584777832031 6.1424660682678222656 5.0397000312805175781 5.2737741470336914062 4.1983189582824707031 3.9300999641418457031 6.8182115554809570312 7.6542158126831054688 5.7350058555603027344 5.8724412918090820312 5.54931640625 5.5390276908874511719 7.0329060554504394531 6.8005232810974121094 8.7118396759033203125 8.9008913040161132812 6.1343579292297363281 6.1343579292297363281
