input_highsierra/slope84.asc
ncols        387
nrows        170
xllcorner    -118.377601393217
yllcorner    36.483606426649
cellsize     0.000906194390
NODATA_value  -3.4028234663852885981e+38
[rows 108 to 125 of 170, columns 200 to 239 of 387]
19.365537643432617188 22.648807525634765625 27.984632492065429688 27.718404769897460938 32.153141021728515625 32.153141021728515625 37.82391357421875 39.161510467529296875 39.40003204345703125 38.21097564697265625 35.909942626953125 35.241024017333984375 32.653560638427734375 27.744508743286132812 37.64916229248046875 42.936656951904296875 32.31386566162109375 32.571533203125 42.143306732177734375 47.471065521240234375 40.154964447021484375 31.381856918334960938 36.10059356689453125 40.218349456787109375 40.60344696044921875 41.051280975341796875 39.100368499755859375 36.356105804443359375 35.727634429931640625 41.304836273193359375 37.765979766845703125 25.836359024047851562 25.836359024047851562 24.831930160522460938 25.75943756103515625 28.265727996826171875 30.39600372314453125 29.0846710205078125 31.711750030517578125 31.401119232177734375
34.62408447265625 32.030979156494140625 30.339649200439453125 29.759477615356445312 34.100032806396484375 34.100032806396484375 40.525543212890625 41.2665863037109375 37.715686798095703125 38.187236785888671875 38.46886444091796875 37.465839385986328125 33.39487457275390625 28.714458465576171875 41.73331451416015625 47.38816070556640625 37.094852447509765625 39.3118438720703125 41.2249908447265625 50.7422943115234375 49.804592132568359375 37.53736114501953125 37.745635986328125 39.239910125732421875 40.76453399658203125 39.821239471435546875 35.272403717041015625 33.568233489990234375 32.237701416015625 40.1207275390625 37.469051361083984375 37.469051361083984375 27.251949310302734375 27.505214691162109375 28.662357330322265625 28.979143142700195312 27.652303695678710938 27.28652191162109375 32.938503265380859375 32.672088623046875
33.00167083740234375 31.074563980102539062 30.33034515380859375 32.233554840087890625 32.233554840087890625 36.291351318359375 42.17901611328125 42.050464630126953125 35.0254364013671875 35.8811492919921875 37.444278717041015625 35.802276611328125 32.146961212158203125 24.30877685546875 40.47478485107421875 42.99700164794921875 37.302581787109375 36.63055419921875 29.225250244140625 40.88680267333984375 43.818103790283203125 40.29488372802734375 39.50930023193359375 40.077205657958984375 39.2213897705078125 21.557172775268554688 29.571054458618164062 32.32936859130859375 32.294643402099609375 37.882946014404296875 29.310804367065429688 29.310804367065429688 13.137940406799316406 14.693887710571289062 15.117830276489257812 16.027795791625976562 19.435255050659179688 23.871912002563476562 31.991992950439453125 32.03966522216796875
31.531894683837890625 29.701076507568359375 28.802865982055664062 31.210222244262695312 31.210222244262695312 34.930755615234375 42.324337005615234375 41.37596893310546875 31.8649749755859375 25.151947021484375 15.39008331298828125 7.3379154205322265625 12.481901168823242188 19.741083145141601562 23.767757415771484375 19.764707565307617188 20.06510162353515625 26.448144912719726562 26.533212661743164062 26.36263275146484375 23.040273666381835938 16.301706314086914062 13.065521240234375 15.44486236572265625 26.646953582763671875 34.839176177978515625 38.702777862548828125 40.09403228759765625 40.472560882568359375 42.73854827880859375 37.75377655029296875 37.75377655029296875 31.525775909423828125 30.724826812744140625 27.560525894165039062 23.342962265014648438 21.541437149047851562 29.77823638916015625 33.62416839599609375 27.953533172607421875
29.502368927001953125 27.365825653076171875 28.975137710571289062 33.53285980224609375 33.53285980224609375 40.217220306396484375 45.69963836669921875 38.055248260498046875 21.193677902221679688 9.3906927108764648438 14.519563674926757812 22.338376998901367188 25.57474517822265625 32.7403106689453125 37.979915618896484375 37.060146331787109375 34.318706512451171875 33.112926483154296875 33.079685211181640625 36.933727264404296875 38.00156402587890625 38.581142425537109375 43.42108154296875 41.9377288818359375 35.474552154541015625 36.202816009521484375 38.905673980712890625 40.7158203125 39.324733734130859375 41.822345733642578125 41.822345733642578125 39.784107208251953125 35.628387451171875 37.031108856201171875 37.033771514892578125 35.42839813232421875 31.984155654907226562 29.073247909545898438 27.380220413208007812 23.6061248779296875
28.19046783447265625 30.52051544189453125 34.11699676513671875 34.11699676513671875 36.839092254638671875 41.956268310546875 39.55825042724609375 20.170354843139648438 6.8493103981018066406 16.287807464599609375 22.807735443115234375 25.270038604736328125 27.042963027954101562 35.530048370361328125 39.080654144287109375 39.29709625244140625 42.2224884033203125 45.0267486572265625 46.6137542724609375 46.87425994873046875 44.441303253173828125 45.907451629638671875 48.038116455078125 44.679843902587890625 41.964946746826171875 41.93540191650390625 40.1332244873046875 37.780101776123046875 36.544750213623046875 39.68288421630859375 39.68288421630859375 34.16181182861328125 22.041454315185546875 21.749927520751953125 21.807586669921875 20.154628753662109375 18.674543380737304688 19.290355682373046875 20.476423263549804688 22.436716079711914062
27.545148849487304688 33.61273193359375 36.445682525634765625 36.445682525634765625 38.31322479248046875 37.25940704345703125 23.444543838500976562 7.4097428321838378906 13.608026504516601562 19.003709793090820312 21.699436187744140625 23.10312652587890625 25.63526153564453125 34.939846038818359375 36.20404815673828125 34.057865142822265625 39.388301849365234375 42.556171417236328125 43.325870513916015625 41.7910308837890625 35.614673614501953125 30.33034515380859375 29.167510986328125 27.725734710693359375 32.8123931884765625 33.92218780517578125 29.200014114379882812 26.997468948364257812 35.727634429931640625 35.727634429931640625 38.4995574951171875 29.160795211791992188 22.940347671508789062 22.765409469604492188 21.496076583862304688 20.53495025634765625 22.1204071044921875 25.3058013916015625 27.033952713012695312 26.319299697875976562
30.840051651000976562 34.5111083984375 34.5111083984375 36.75667572021484375 36.607288360595703125 29.248050689697265625 15.451641082763671875 13.61933135986328125 17.268871307373046875 19.559543609619140625 19.949596405029296875 22.059360504150390625 28.018070220947265625 38.24079132080078125 39.50930023193359375 32.503589630126953125 30.642366409301757812 30.305936813354492188 29.172674179077148438 27.307348251342773438 21.372591018676757812 23.847845077514648438 30.507661819458007812 27.287872314453125 27.743946075439453125 26.81620025634765625 23.29291534423828125 22.772556304931640625 38.8955535888671875 38.8955535888671875 41.906497955322265625 31.236066818237304688 29.599252700805664062 27.827056884765625 27.083841323852539062 27.59635162353515625 28.809904098510742188 31.133668899536132812 32.763172149658203125 32.040966033935546875
36.483730316162109375 36.91358184814453125 36.91358184814453125 35.14017486572265625 28.143096923828125 16.230464935302734375 11.895551681518554688 13.726920127868652344 18.485589981079101562 19.93025970458984375 17.500169754028320312 16.0532989501953125 21.751018524169921875 38.447849273681640625 40.755138397216796875 36.04227447509765625 37.814693450927734375 40.450153350830078125 39.01093292236328125 32.0975799560546875 37.66635894775390625 40.88214111328125 37.425495147705078125 34.562175750732421875 32.855960845947265625 32.84659576416015625 33.995304107666015625 34.04903411865234375 39.381702423095703125 39.381702423095703125 42.21814727783203125 33.455654144287109375 30.096677780151367188 26.42131805419921875 21.179546356201171875 15.415591239929199219 12.104851722717285156 13.730327606201171875 13.609501838684082031 10.85672760009765625
17.991641998291015625 12.644054412841796875 12.644054412841796875 7.0969948768615722656 8.791004180908203125 19.564897537231445312 21.148693084716796875 20.25144195556640625 23.996433258056640625 23.285999298095703125 21.213441848754882812 20.787723541259765625 24.147632598876953125 34.462005615234375 36.972988128662109375 32.9958038330078125 34.009426116943359375 44.154605865478515625 44.587741851806640625 33.6436004638671875 34.419635772705078125 29.6864013671875 20.689632415771484375 18.205881118774414062 16.248012542724609375 15.959542274475097656 16.631437301635742188 23.16597747802734375 23.16597747802734375 36.4394989013671875 37.92375946044921875 25.7689666748046875 18.518100738525390625 15.3679351806640625 14.654257774353027344 18.196542739868164062 21.305707931518554688 22.324464797973632812 22.592891693115234375 20.67999267578125
25.005937576293945312 25.005937576293945312 16.339757919311523438 11.002678871154785156 13.754151344299316406 23.960954666137695312 26.111675262451171875 24.36498260498046875 26.914979934692382812 26.345682144165039062 26.798320770263671875 30.2703857421875 37.64353179931640625 42.05577850341796875 40.830047607421875 38.605930328369140625 38.793987274169921875 44.289730072021484375 42.619266510009765625 32.58063507080078125 25.432943344116210938 39.5767364501953125 49.039379119873046875 47.88323211669921875 41.71930694580078125 35.486629486083984375 28.789308547973632812 23.074110031127929688 23.074110031127929688 28.885198593139648438 24.588312149047851562 19.547887802124023438 24.963277816772460938 28.848735809326171875 30.58415985107421875 30.487171173095703125 30.520833969116210938 29.909114837646484375 27.435380935668945312 25.63632965087890625
16.06179046630859375 16.06179046630859375 16.497152328491210938 21.106983184814453125 25.251691818237304688 29.841821670532226562 27.88427734375 25.484514236450195312 25.964036941528320312 24.277467727661132812 25.559955596923828125 29.704242706298828125 37.214847564697265625 39.28897857666015625 37.856288909912109375 38.0440673828125 38.0720062255859375 37.906036376953125 32.555133819580078125 24.91626739501953125 31.148488998413085938 40.8874664306640625 43.839420318603515625 44.730907440185546875 38.775691986083984375 32.839565277099609375 32.710056304931640625 31.074563980102539062 31.074563980102539062 29.008022308349609375 31.497838973999023438 34.052745819091796875 34.6410064697265625 36.5363006591796875 36.77788543701171875 34.27873992919921875 30.193389892578125 27.720661163330078125 26.309473037719726562 26.781017303466796875
21.833627700805664062 23.720714569091796875 25.235073089599609375 28.138700485229492188 32.816120147705078125 35.27252197265625 31.230749130249023438 27.845529556274414062 25.46640777587890625 23.539890289306640625 25.796886444091796875 27.424860000610351562 34.427143096923828125 35.018802642822265625 30.872537612915039062 31.977186203002929688 29.480930328369140625 23.785963058471679688 23.277349472045898438 29.534727096557617188 29.486841201782226562 11.508793830871582031 29.172674179077148438 37.225261688232421875 33.364467620849609375 29.503887176513671875 28.632513046264648438 28.632513046264648438 24.997282028198242188 25.526468276977539062 31.918989181518554688 33.21602630615234375 35.038814544677734375 36.044994354248046875 36.55736541748046875 36.112659454345703125 37.4098052978515625 38.75518035888671875 37.343135833740234375 37.441478729248046875
30.952625274658203125 30.516550064086914062 29.547517776489257812 30.141046524047851562 36.113224029541015625 35.10565948486328125 27.839000701904296875 25.638889312744140625 24.586490631103515625 24.180131912231445312 24.20743560791015625 23.43255615234375 34.401981353759765625 36.0040740966796875 23.990526199340820312 26.956964492797851562 31.99663543701171875 35.247806549072265625 35.8271942138671875 33.283374786376953125 33.900882720947265625 40.5395050048828125 34.07141876220703125 30.56360626220703125 28.568910598754882812 25.199155807495117188 27.688495635986328125 27.688495635986328125 34.91522216796875 36.76706695556640625 35.577426910400390625 34.851001739501953125 36.084903717041015625 36.753749847412109375 38.9991912841796875 40.78338623046875 42.24029541015625 42.440067291259765625 40.555919647216796875 39.05997467041015625
39.39013671875 36.622257232666015625 33.212795257568359375 30.290502548217773438 30.9970703125 26.273183822631835938 13.685956001281738281 12.45473480224609375 14.769643783569335938 13.356530189514160156 12.958364486694335938 14.713655471801757812 27.204315185546875 32.200347900390625 29.03563690185546875 31.95189666748046875 35.18381500244140625 37.105136871337890625 37.126312255859375 33.4742279052734375 41.158618927001953125 44.171497344970703125 33.003856658935546875 30.552684783935546875 25.954202651977539062 29.722230911254882812 29.722230911254882812 37.358264923095703125 40.134708404541015625 39.35930633544921875 38.815876007080078125 37.734539031982421875 33.71784210205078125 26.220760345458984375 25.102834701538085938 27.264898300170898438 29.41085052490234375 29.799127578735351562 24.479326248168945312 21.66933441162109375
36.916046142578125 30.299991607666015625 24.08948516845703125 19.448270797729492188 21.036073684692382812 20.424505233764648438 11.73220062255859375 11.551492691040039062 12.752627372741699219 11.893833160400390625 13.572567939758300781 16.708677291870117188 24.670078277587890625 30.74346160888671875 31.644311904907226562 33.02376556396484375 34.83380889892578125 35.000217437744140625 31.605587005615234375 34.45426177978515625 44.4680023193359375 43.024158477783203125 33.512237548828125 29.971216201782226562 18.997165679931640625 19.41777801513671875 19.41777801513671875 23.092126846313476562 24.018863677978515625 22.481237411499023438 23.941053390502929688 22.31395721435546875 22.536256790161132812 24.71894073486328125 24.8453826904296875 25.9583892822265625 28.728960037231445312 29.799955368041992188 23.54766845703125 19.758493423461914062
25.684919357299804688 16.037517547607421875 11.608740806579589844 9.5574626922607421875 14.949787139892578125 17.550970077514648438 11.898415565490722656 12.185439109802246094 13.448609352111816406 14.787508010864257812 17.590394973754882812 19.198657989501953125 22.941610336303710938 28.307672500610351562 33.0970611572265625 32.42236328125 24.373521804809570312 17.135156631469726562 22.935550689697265625 42.827152252197265625 43.898284912109375 37.227893829345703125 33.063922882080078125 26.817590713500976562 19.279767990112304688 21.828205108642578125 21.828205108642578125 22.792959213256835938 24.529684066772460938 24.058450698852539062 25.71977996826171875 24.56256103515625 29.420007705688476562 37.203479766845703125 40.16674041748046875 40.59352874755859375 41.977413177490234375 41.23352813720703125 36.4307708740234375 31.57852935791015625
15.139548301696777344 15.0917205810546875 14.042081832885742188 10.996431350708007812 14.334415435791015625 17.391782760620117188 17.251117706298828125 19.3996429443359375 15.867982864379882812 11.049407958984375 13.039213180541992188 13.719128608703613281 14.243813514709472656 15.805487632751464844 18.795499801635742188 22.564210891723632812 23.039018630981445312 16.521383285522460938 26.738180160522460938 45.335140228271484375 43.519168853759765625 33.699672698974609375 29.839508056640625 23.200788497924804688 30.938711166381835938 30.938711166381835938 36.6954803466796875 37.56034088134765625 39.421634674072265625 40.515575408935546875 41.78060150146484375 41.47864532470703125 42.109889984130859375 41.804737091064453125 41.79925537109375 43.46463775634765625 46.768951416015625 43.94092559814453125 32.7664947509765625 36.776264190673828125
