input_highsierra/slope84.asc
ncols        387
nrows        170
xllcorner    -118.377601393217
yllcorner    36.483606426649
cellsize     0.000906194390
NODATA_value  -3.4028234663852885981e+38
[rows 126 to 143 of 170, columns 200 to 239 of 387]
11.570413589477539062 13.383127212524414062 13.513231277465820312 9.6594944000244140625 11.418669700622558594 13.219571113586425781 13.00766754150390625 18.260057449340820312 18.787202835083007812 14.34552001953125 15.542379379272460938 17.459760665893554688 19.582201004028320312 21.106414794921875 22.7165679931640625 26.368349075317382812 31.460119247436523438 34.54715728759765625 34.8864288330078125 46.316791534423828125 46.113002777099609375 28.191381454467773438 33.095973968505859375 37.21158599853515625 36.31786346435546875 36.31786346435546875 37.12546539306640625 37.120281219482421875 38.766536712646484375 37.926174163818359375 38.988376617431640625 40.073261260986328125 42.0532379150390625 43.212879180908203125 41.607151031494140625 36.9247283935546875 52.642261505126953125 51.927642822265625 29.053499221801757812 29.377058029174804688
27.729114532470703125 33.25585174560546875 37.9654693603515625 41.121150970458984375 42.176723480224609375 40.91729736328125 38.483245849609375 37.790355682373046875 36.73456573486328125 34.947601318359375 33.718624114990234375 34.74634552001953125 38.1025848388671875 37.9585418701171875 32.0234527587890625 25.438777923583984375 29.920633316040039062 33.74825286865234375 33.74825286865234375 44.102199554443359375 42.491092681884765625 32.040966033935546875 35.541961669921875 36.612644195556640625 36.612644195556640625 36.452747344970703125 36.4685211181640625 35.323032379150390625 38.110843658447265625 37.8317108154296875 37.9027099609375 36.970638275146484375 34.217655181884765625 27.932582855224609375 26.990003585815429688 44.931217193603515625 56.857852935791015625 45.28853607177734375 28.8611907958984375 41.865142822265625
40.37972259521484375 42.45934295654296875 42.597743988037109375 42.045841217041015625 42.24257659912109375 41.8582000732421875 39.249073028564453125 38.6944427490234375 39.597644805908203125 39.232044219970703125 38.02108001708984375 38.556507110595703125 37.219478607177734375 30.543817520141601562 23.957166671752929688 28.03725433349609375 33.287532806396484375 32.892818450927734375 31.809314727783203125 36.88835906982421875 35.776515960693359375 33.53365325927734375 35.649051666259765625 36.07711029052734375 36.07711029052734375 37.086368560791015625 37.288761138916015625 36.821521759033203125 39.39920806884765625 37.727611541748046875 35.690185546875 26.26825714111328125 12.257126808166503906 24.118350982666015625 34.950145721435546875 51.84482574462890625 51.28668212890625 30.566453933715820312 40.364238739013671875 39.53974151611328125
35.9537200927734375 35.897495269775390625 35.289020538330078125 35.67038726806640625 38.627887725830078125 42.00672149658203125 41.56711578369140625 40.232418060302734375 40.30594635009765625 40.302059173583984375 39.668575286865234375 38.349803924560546875 31.667858123779296875 30.480970382690429688 30.355037689208984375 31.91782379150390625 32.145809173583984375 30.412137985229492188 29.301927566528320312 32.588474273681640625 33.091495513916015625 35.400501251220703125 37.6875152587890625 37.556735992431640625 37.556735992431640625 38.119792938232421875 38.1626739501953125 39.4505157470703125 40.910823822021484375 34.098117828369140625 30.163105010986328125 25.152826309204101562 28.968866348266601562 33.74042510986328125 34.151638031005859375 43.00018310546875 40.013942718505859375 33.82370758056640625 26.186130523681640625 22.727575302124023438
28.643711090087890625 29.912900924682617188 32.52593994140625 34.57469940185546875 37.214954376220703125 40.509181976318359375 41.391666412353515625 40.813007354736328125 40.232418060302734375 39.712360382080078125 39.2139739990234375 35.23531341552734375 30.606899261474609375 36.45053863525390625 35.687755584716796875 34.06131744384765625 33.137714385986328125 31.844196319580078125 30.79409027099609375 34.6951141357421875 35.7985992431640625 39.15853118896484375 40.275852203369140625 40.275852203369140625 38.895458221435546875 38.1827850341796875 38.03957366943359375 39.517299652099609375 37.19220733642578125 28.163232803344726562 31.672296524047851562 33.196620941162109375 34.19280242919921875 32.047183990478515625 29.354434967041015625 35.296611785888671875 33.875415802001953125 20.849687576293945312 33.007404327392578125 34.191661834716796875
26.57195281982421875 29.4854888916015625 32.077816009521484375 34.203460693359375 36.475799560546875 39.51612091064453125 41.4752044677734375 40.01050567626953125 39.258686065673828125 40.920040130615234375 41.8343048095703125 39.6637115478515625 39.784107208251953125 40.941852569580078125 39.811431884765625 38.199703216552734375 36.762195587158203125 34.973388671875 34.397220611572265625 36.732723236083984375 35.08464813232421875 35.38883209228515625 37.26947784423828125 37.26947784423828125 40.232852935791015625 41.633152008056640625 40.878894805908203125 38.081478118896484375 32.20092010498046875 37.5113525390625 40.2740325927734375 38.935619354248046875 38.449798583984375 39.001068115234375 40.29488372802734375 42.94739532470703125 44.48805999755859375 37.303836822509765625 34.0762786865234375 34.34940338134765625
28.153167724609375 28.467927932739257812 28.263362884521484375 25.384243011474609375 20.565601348876953125 16.231662750244140625 18.998147964477539062 23.658334732055664062 25.962574005126953125 24.963277816772460938 23.796731948852539062 32.79029083251953125 41.38909149169921875 41.633388519287109375 42.21814727783203125 38.34951019287109375 37.7943115234375 40.327701568603515625 39.3482818603515625 35.9633941650390625 33.367671966552734375 38.48004150390625 38.48004150390625 38.728908538818359375 38.100994110107421875 36.939723968505859375 32.486278533935546875 23.712299346923828125 20.397138595581054688 32.11688995361328125 36.164432525634765625 34.11342620849609375 29.889844894409179688 25.468994140625 32.965877532958984375 47.19870758056640625 49.51653289794921875 41.096309661865234375 35.0889739990234375 35.317821502685546875
28.047204971313476562 26.289800643920898438 23.436716079711914062 18.04349517822265625 11.764145851135253906 9.3550205230712890625 9.7909221649169921875 9.8213624954223632812 10.396091461181640625 11.0990142822265625 8.7335052490234375 21.660566329956054688 34.995868682861328125 39.61753082275390625 42.41497802734375 39.89221954345703125 37.50215911865234375 36.971385955810546875 37.99925994873046875 28.258089065551757812 22.172468185424804688 27.535459518432617188 27.535459518432617188 26.8332672119140625 21.565723419189453125 17.680757522583007812 16.43009185791015625 12.041754722595214844 12.941709518432617188 25.716381072998046875 32.5900115966796875 33.529293060302734375 28.858911514282226562 17.882762908935546875 23.093126296997070312 46.5643768310546875 52.25728607177734375 43.228260040283203125 36.891582489013671875 36.918407440185546875
30.062465667724609375 24.6660003662109375 17.541187286376953125 12.176513671875 9.877727508544921875 8.196746826171875 8.2377767562866210938 6.6732196807861328125 7.1723265647888183594 10.09087371826171875 9.5574626922607421875 13.384631156921386719 23.434513092041015625 32.2809600830078125 33.86920166015625 29.017580032348632812 22.669370651245117188 28.437908172607421875 39.3564605712890625 27.294046401977539062 24.328922271728515625 27.2656707763671875 27.2656707763671875 21.954570770263671875 10.017142295837402344 8.6400136947631835938 11.801774024963378906 12.329446792602539062 14.232149124145507812 21.237688064575195312 27.374078750610351562 30.612579345703125 28.069482803344726562 19.19091033935546875 24.507730484008789062 45.308589935302734375 50.070220947265625 39.9599609375 35.25672149658203125 35.0074615478515625
22.708112716674804688 14.690290451049804688 10.532009124755859375 8.0906057357788085938 7.4553327560424804688 5.0792431831359863281 7.3628983497619628906 7.8532071113586425781 8.2207078933715820312 10.484722137451171875 11.476058006286621094 11.3507080078125 15.189358711242675781 26.205720901489257812 29.759311676025390625 29.023138046264648438 27.355260848999023438 31.85985565185546875 41.9829864501953125 39.79107666015625 40.533634185791015625 40.533634185791015625 34.54790496826171875 19.67998504638671875 9.0078020095825195312 14.472507476806640625 14.408257484436035156 16.148403167724609375 22.310802459716796875 27.499500274658203125 29.291849136352539062 30.714796066284179688 33.189739227294921875 35.501621246337890625 41.308879852294921875 46.911327362060546875 43.459316253662109375 35.091373443603515625 32.743221282958984375 31.295658111572265625
10.852924346923828125 12.949519157409667969 14.770984649658203125 12.318436622619628906 11.690235137939453125 11.418669700622558594 12.6888885498046875 12.815480232238769531 13.251554489135742188 15.251456260681152344 18.777902603149414062 19.274631500244140625 15.560870170593261719 14.067187309265136719 20.581785202026367188 28.365781784057617188 31.57763671875 32.634731292724609375 35.976470947265625 28.674777984619140625 17.6142120361328125 17.6142120361328125 11.077342033386230469 19.749790191650390625 34.29047393798828125 35.55783843994140625 37.26108551025390625 40.50739288330078125 39.434894561767578125 35.6638946533203125 33.62784576416015625 32.133296966552734375 29.300731658935546875 22.807735443115234375 28.667150497436523438 30.438302993774414062 25.4100189208984375 28.973569869995117188 30.23152923583984375 26.533817291259765625
15.717822074890136719 21.077121734619140625 28.726131439208984375 29.246852874755859375 28.902002334594726562 29.935922622680664062 31.254436492919921875 37.33133697509765625 35.698978424072265625 33.53365325927734375 31.486322402954101562 26.997663497924804688 23.112369537353515625 23.850231170654296875 27.219432830810546875 32.6732025146484375 39.509571075439453125 42.16411590576171875 40.05834197998046875 36.603900909423828125 34.497539520263671875 34.497539520263671875 31.388029098510742188 28.785257339477539062 30.79034423828125 30.852495193481445312 31.85239410400390625 30.854982376098632812 26.230640411376953125 24.045030593872070312 19.84740447998046875 17.051294326782226562 17.156787872314453125 16.303691864013671875 26.419080734252929688 29.576429367065429688 25.94834136962890625 29.679559707641601562 28.952829360961914062 25.853216171264648438
34.5885772705078125 41.2601776123046875 35.783992767333984375 30.910383224487304688 28.872409820556640625 28.872409820556640625 26.525938034057617188 23.123106002807617188 19.071262359619140625 14.499940872192382812 10.605109214782714844 6.9325537681579589844 7.4087901115417480469 15.689577102661132812 25.474384307861328125 33.899852752685546875 38.577667236328125 35.425106048583984375 28.153167724609375 23.1639862060546875 23.1639862060546875 18.4080810546875 15.9741973876953125 18.13552093505859375 19.951129913330078125 18.28449249267578125 20.650157928466796875 17.6199798583984375 15.036275863647460938 17.499807357788085938 18.558637619018554688 22.968603134155273438 28.183893203735351562 32.300197601318359375 37.557971954345703125 38.336475372314453125 32.803554534912109375 32.1043548583984375 27.196750640869140625 25.786951065063476562
33.57086944580078125 41.964946746826171875 38.75623321533203125 30.059694290161132812 17.624664306640625 17.359872817993164062 16.860704421997070312 16.201702117919921875 14.690290451049804688 12.579691886901855469 11.407874107360839844 10.151760101318359375 14.166621208190917969 21.354990005493164062 23.905214309692382812 24.571453094482421875 20.755193710327148438 8.8132572174072265625 14.465181350708007812 19.443510055541992188 19.443510055541992188 20.859508514404296875 22.980695724487304688 23.003850936889648438 22.420804977416992188 21.21654510498046875 24.019098281860351562 29.423736572265625 38.7807464599609375 44.282115936279296875 44.009914398193359375 42.19100189208984375 41.52442169189453125 41.575702667236328125 43.18485260009765625 42.115413665771484375 34.761913299560546875 31.569898605346679688 25.152826309204101562 26.306400299072265625
27.620191574096679688 38.554962158203125 45.63934326171875 45.082363128662109375 42.415805816650390625 42.29048919677734375 41.07537078857421875 37.434734344482421875 32.3050384521484375 27.186853408813476562 22.679386138916015625 20.380159378051757812 20.871053695678710938 22.56964111328125 17.348115921020507812 18.600067138671875 27.3444976806640625 40.71489715576171875 49.822628021240234375 49.822628021240234375 51.961566925048828125 47.56832122802734375 43.905628204345703125 42.017147064208984375 39.78330230712890625 38.4666290283203125 41.13138580322265625 45.57607269287109375 48.26293182373046875 48.543033599853515625 46.72637176513671875 41.577930450439453125 35.01723480224609375 28.716228485107421875 38.956554412841796875 42.0455322265625 32.040966033935546875 27.053926467895507812 22.011743545532226562 26.7451629638671875
21.731115341186523438 27.811365127563476562 36.82464599609375 37.1448211669921875 32.920680999755859375 31.247911453247070312 29.58062744140625 27.786676406860351562 26.482225418090820312 25.7390899658203125 27.552364349365234375 31.019710540771484375 35.58150482177734375 41.103118896484375 42.965229034423828125 45.467220306396484375 47.774112701416015625 50.255603790283203125 49.622379302978515625 49.622379302978515625 50.405673980712890625 49.60063934326171875 48.2643280029296875 48.312713623046875 47.4079132080078125 46.396251678466796875 47.194072723388671875 28.060832977294921875 20.701015472412109375 21.6029052734375 26.719615936279296875 25.044942855834960938 23.9002227783203125 27.131435394287109375 35.212444305419921875 35.58150482177734375 28.27445220947265625 25.184457778930664062 14.715900421142578125 21.106414794921875
18.663496017456054688 20.4743499755859375 28.382219314575195312 27.105508804321289062 16.598476409912109375 13.365067481994628906 14.585052490234375 16.49910736083984375 18.349672317504882812 21.551378250122070312 20.95220947265625 19.714616775512695312 18.979156494140625 19.0976104736328125 18.385223388671875 16.60662841796875 14.904329299926757812 12.788586616516113281 9.7390079498291015625 9.7390079498291015625 16.060577392578125 23.530893325805664062 27.306575775146484375 27.48978424072265625 28.881521224975585938 24.98595428466796875 18.109437942504882812 20.222553253173828125 24.183168411254882812 25.337354660034179688 26.295335769653320312 23.128347396850585938 21.955646514892578125 26.3469085693359375 32.440448760986328125 34.761913299560546875 32.18027496337890625 28.605283737182617188 24.868000030517578125 32.883609771728515625
9.1340284347534179688 13.042827606201171875 23.065093994140625 24.9236297607421875 21.544752120971679688 20.541734695434570312 18.455724716186523438 16.427339553833007812 14.556444168090820312 13.21753692626953125 12.111590385437011719 8.53887176513671875 7.6191325187683105469 6.2080831527709960938 6.3607091903686523438 5.5119261741638183594 3.6713736057281494141 3.1783289909362792969 3.1783289909362792969 3.4556982517242431641 5.5583033561706542969 13.137940406799316406 22.915330886840820312 25.17194366455078125 27.135913848876953125 22.7165679931640625 21.214288711547851562 26.91715240478515625 25.880992889404296875 25.825391769409179688 23.3896636962890625 17.39801025390625 18.787202835083007812 28.219118118286132812 35.8600921630859375 39.45316314697265625 40.184253692626953125 35.79676055908203125 29.533548355102539062 35.454254150390625
