input_highsierra/slope84.asc
ncols        387
nrows        170
xllcorner    -118.377601393217
yllcorner    36.483606426649
cellsize     0.000906194390
NODATA_value  -3.4028234663852885981e+38
[rows 72 to 89 of 170, columns 160 to 199 of 387]
22.651636123657226562 27.130460739135742188 37.26727294921875 43.182926177978515625 42.62223052978515625 42.87650299072265625 41.004467010498046875 41.004467010498046875 20.640493392944335938 14.43950653076171875 30.54128265380859375 36.82540130615234375 33.196620941162109375 30.341573715209960938 30.295328140258789062 35.03314971923828125 33.828899383544921875 21.103006362915039062 20.692844390869140625 27.860630035400390625 31.61182403564453125 39.407360076904296875 45.422512054443359375 45.932018280029296875 38.794559478759765625 43.459316253662109375 52.293304443359375 44.57210540771484375 30.344940185546875 32.030548095703125 32.592952728271484375 31.874914169311523438 26.419080734252929688 26.419080734252929688 41.91901397705078125 45.66889190673828125 37.556735992431640625 40.807071685791015625 42.322673797607421875 42.331142425537109375
11.413873672485351562 18.226955413818359375 36.187896728515625 41.4954376220703125 40.670665740966796875 38.2336883544921875 38.2336883544921875 21.748838424682617188 17.997255325317382812 17.641946792602539062 31.913013458251953125 37.244182586669921875 34.9610443115234375 31.8333587646484375 30.39600372314453125 34.108837127685546875 32.06496429443359375 33.467861175537109375 43.18885040283203125 46.907806396484375 48.8743896484375 52.6450958251953125 51.879241943359375 40.487339019775390625 39.746707916259765625 52.7385406494140625 55.777759552001953125 40.86016082763671875 32.107814788818359375 33.7509918212890625 29.509283065795898438 24.80701446533203125 24.80701446533203125 29.197780609130859375 45.072021484375 47.261112213134765625 42.52956390380859375 46.82984161376953125 46.576892852783203125 40.877147674560546875
9.4313898086547851562 22.84029388427734375 38.33294677734375 40.006542205810546875 40.751445770263671875 39.51575469970703125 39.51575469970703125 30.798458099365234375 29.871377944946289062 33.87036895751953125 41.068714141845703125 41.655307769775390625 34.1693115234375 35.822032928466796875 34.315685272216796875 32.1600341796875 29.499668121337890625 40.0746612548828125 47.8670806884765625 46.73328399658203125 47.008678436279296875 47.8649749755859375 34.27230072021484375 16.363485336303710938 31.312601089477539062 55.62886810302734375 56.349338531494140625 36.109165191650390625 35.432277679443359375 34.386562347412109375 24.5225982666015625 27.556921005249023438 27.556921005249023438 35.661113739013671875 47.5936279296875 49.68984222412109375 45.77770233154296875 46.1671295166015625 43.085296630859375 32.25913238525390625
21.377338409423828125 32.4359283447265625 43.880527496337890625 44.305606842041015625 45.342464447021484375 45.342464447021484375 43.027263641357421875 36.875789642333984375 30.800329208374023438 32.013019561767578125 44.428852081298828125 45.235088348388671875 25.391178131103515625 33.867259979248046875 35.057598114013671875 30.518453598022460938 35.563671112060546875 47.450347900390625 50.728389739990234375 47.8413543701171875 45.52126312255859375 38.68207550048828125 20.909671783447265625 25.869215011596679688 36.6164703369140625 55.9531707763671875 53.87441253662109375 35.73052215576171875 33.621540069580078125 27.485210418701171875 26.237430572509765625 35.38364410400390625 35.38364410400390625 39.922008514404296875 48.138050079345703125 49.8995513916015625 42.583477020263671875 34.978588104248046875 36.972347259521484375 36.513004302978515625
22.838769912719726562 37.6270294189453125 47.643157958984375 45.55863189697265625 45.102832794189453125 45.102832794189453125 42.0582427978515625 36.866756439208984375 29.964328765869140625 29.858671188354492188 48.4812164306640625 50.98056793212890625 29.715404510498046875 31.829402923583984375 35.89029693603515625 35.377864837646484375 40.896862030029296875 48.724285125732421875 47.83641815185546875 43.59218597412109375 37.692928314208984375 18.774248123168945312 30.757070541381835938 36.6920013427734375 45.7232513427734375 55.50968170166015625 38.63452911376953125 24.346731185913085938 33.556758880615234375 41.049633026123046875 45.561298370361328125 45.561298370361328125 48.435451507568359375 48.5422515869140625 46.9898223876953125 42.961029052734375 18.2848358154296875 29.863292694091796875 38.828044891357421875 40.17815399169921875
23.8888092041015625 41.245235443115234375 49.730403900146484375 45.808452606201171875 46.38339996337890625 46.38339996337890625 44.9222869873046875 41.036376953125 35.000457763671875 36.0499725341796875 50.2381134033203125 55.423152923583984375 45.199092864990234375 38.916637420654296875 37.7699432373046875 31.747135162353515625 34.48345947265625 39.114276885986328125 22.690935134887695312 24.6804962158203125 41.9863128662109375 44.1939697265625 44.259914398193359375 42.56339263916015625 37.32517242431640625 37.2384033203125 34.21651458740234375 38.231021881103515625 42.238849639892578125 44.6275634765625 47.954166412353515625 47.954166412353515625 49.247577667236328125 46.819049835205078125 41.701419830322265625 28.608312606811523438 15.323523521423339844 36.427562713623046875 40.30490875244140625 40.81710052490234375
40.15409088134765625 48.771137237548828125 45.4520263671875 44.356098175048828125 44.356098175048828125 50.221591949462890625 45.613597869873046875 40.939365386962890625 36.25653076171875 36.78729248046875 47.079235076904296875 53.37700653076171875 44.348651885986328125 34.188236236572265625 33.622196197509765625 35.120769500732421875 38.31685638427734375 29.279542922973632812 11.928151130676269531 40.0774688720703125 43.25066375732421875 35.14640045166015625 29.912900924682617188 30.343017578125 33.069904327392578125 39.582805633544921875 40.999431610107421875 43.86118316650390625 46.189220428466796875 49.546062469482421875 52.668338775634765625 52.668338775634765625 52.3741607666015625 48.833202362060546875 40.20513916015625 24.831256866455078125 28.26172637939453125 36.95855712890625 36.866863250732421875 41.046260833740234375
43.07372283935546875 48.002658843994140625 43.758434295654296875 48.315143585205078125 48.315143585205078125 52.722293853759765625 44.77385711669921875 39.24657440185546875 34.0997772216796875 39.05576324462890625 46.65903472900390625 50.87652587890625 50.60263824462890625 45.73917388916015625 36.5090484619140625 32.527767181396484375 36.50255584716796875 24.810832977294921875 36.13541412353515625 35.28095245361328125 34.538959503173828125 26.8096466064453125 27.906032562255859375 35.665981292724609375 37.429233551025390625 37.551792144775390625 39.319671630859375 45.833965301513671875 50.263523101806640625 53.711826324462890625 53.711826324462890625 53.996067047119140625 50.223178863525390625 44.0460357666015625 37.592540740966796875 28.74627685546875 34.157108306884765625 36.5090484619140625 29.556768417358398438 40.734653472900390625
44.054718017578125 46.716053009033203125 45.911586761474609375 45.911586761474609375 50.533069610595703125 50.787868499755859375 41.74086761474609375 36.8740692138671875 32.52144622802734375 41.418521881103515625 48.00794219970703125 49.01284027099609375 52.62187957763671875 54.972499847412109375 51.48424530029296875 43.50862884521484375 32.9958038330078125 34.502895355224609375 44.59778594970703125 27.380220413208007812 30.845186233520507812 31.500978469848632812 34.28479766845703125 36.080272674560546875 35.795379638671875 31.6394195556640625 25.850057601928710938 32.925617218017578125 37.211795806884765625 39.97188568115234375 39.97188568115234375 36.495403289794921875 25.498081207275390625 31.42050933837890625 37.85820770263671875 29.968755722045898438 34.3392181396484375 35.266109466552734375 28.360540390014648438 41.365009307861328125
47.549747467041015625 49.653820037841796875 49.520114898681640625 49.520114898681640625 48.786907196044921875 44.99451446533203125 39.179080963134765625 38.573032379150390625 35.1188507080078125 41.8419647216796875 46.13535308837890625 44.13535308837890625 44.943241119384765625 49.3574371337890625 52.14803314208984375 48.166934967041015625 36.896091461181640625 44.948047637939453125 46.17252349853515625 23.172199249267578125 21.6166534423828125 20.256252288818359375 21.922267913818359375 26.046871185302734375 28.3843841552734375 27.942598342895507812 26.656581878662109375 34.163211822509765625 40.138904571533203125 40.138904571533203125 29.447111129760742188 10.919270515441894531 26.799116134643554688 43.744903564453125 42.323883056640625 34.201812744140625 36.218387603759765625 38.417446136474609375 39.76004791259765625 35.586048126220703125
50.03998565673828125 49.659877777099609375 47.26374053955078125 47.26374053955078125 43.35193634033203125 43.37774658203125 44.002964019775390625 44.226047515869140625 38.2575531005859375 43.848907470703125 42.9860076904296875 32.62230682373046875 32.063232421875 29.20963287353515625 30.332912445068359375 31.720750808715820312 32.848247528076171875 48.96924591064453125 46.483600616455078125 31.8333587646484375 35.25101470947265625 36.623569488525390625 36.29480743408203125 38.530864715576171875 41.68817138671875 46.516750335693359375 45.208099365234375 35.9914703369140625 17.742343902587890625 17.742343902587890625 9.0109033584594726562 28.284442901611328125 39.83032989501953125 46.556591033935546875 39.805095672607421875 27.702610015869140625 29.100063323974609375 29.804594039916992188 29.937894821166992188 30.845186233520507812
48.43033599853515625 41.501430511474609375 41.501430511474609375 25.604711532592773438 32.986652374267578125 41.222469329833984375 36.8452301025390625 25.450870513916015625 7.0650258064270019531 35.179874420166015625 42.074863433837890625 34.829296112060546875 36.44954681396484375 39.898609161376953125 42.392932891845703125 42.537616729736328125 42.057086944580078125 47.803058624267578125 38.86240386962890625 36.24703216552734375 39.57320404052734375 39.353794097900390625 39.547367095947265625 42.33643341064453125 44.390781402587890625 42.18909454345703125 34.715282440185546875 21.314680099487304688 17.421426773071289062 17.421426773071289062 25.207265853881835938 33.840702056884765625 41.267398834228515625 45.277912139892578125 37.865985870361328125 27.992767333984375 29.5824737548828125 25.800268173217773438 22.869489669799804688 23.557142257690429688
48.263431549072265625 44.0174713134765625 44.0174713134765625 37.028980255126953125 44.63648223876953125 44.594936370849609375 33.37194061279296875 10.9312286376953125 9.0819177627563476562 26.271745681762695312 29.907632827758789062 23.33065032958984375 21.477504730224609375 24.174993515014648438 29.873523712158203125 35.501972198486328125 47.146564483642578125 47.415340423583984375 43.983982086181640625 46.762615203857421875 45.51275634765625 43.79285430908203125 42.482936859130859375 41.240360260009765625 35.452724456787109375 22.380037307739257812 20.559417724609375 24.73654937744140625 24.73654937744140625 27.053339004516601562 24.9057769775390625 32.256275177001953125 38.8036041259765625 45.45184326171875 42.53717041015625 38.932033538818359375 41.273159027099609375 39.59085845947265625 37.595005035400390625 35.207794189453125
50.59008026123046875 50.59008026123046875 48.04596710205078125 42.446746826171875 40.977367401123046875 25.50711822509765625 9.44393157958984375 20.0456085205078125 25.940174102783203125 27.966312408447265625 27.369665145874023438 23.386226654052734375 22.874561309814453125 26.150598526000976562 27.12909698486328125 26.121622085571289062 37.128322601318359375 42.036590576171875 40.235546112060546875 36.689281463623046875 32.722553253173828125 30.174285888671875 26.138185501098632812 20.6273040771484375 23.790750503540039062 29.056619644165039062 27.741695404052734375 27.281890869140625 27.281890869140625 26.130733489990234375 24.835966110229492188 31.755231857299804688 39.31589508056640625 49.516353607177734375 45.46307373046875 33.534580230712890625 35.485103607177734375 35.29566192626953125 35.1541748046875 34.13993072509765625
51.193416595458984375 51.193416595458984375 48.079998016357421875 34.93839263916015625 21.108972549438476562 12.473758697509765625 23.869293212890625 29.038585662841796875 30.196140289306640625 30.553792953491210938 29.204824447631835938 27.053339004516601562 26.068708419799804688 25.671506881713867188 23.756490707397460938 21.221902847290039062 21.097888946533203125 18.225919723510742188 14.380619049072265625 13.366573333740234375 16.290985107421875 21.12572479248046875 19.023649215698242188 17.453197479248046875 32.399021148681640625 37.257305145263671875 31.339794158935546875 31.339794158935546875 31.989236831665039062 30.42346954345703125 26.769672393798828125 52.591400146484375 57.969390869140625 51.442523956298828125 38.861454010009765625 31.943456649780273438 29.815027236938476562 26.77942657470703125 24.15020751953125 27.062143325805664062
49.6018524169921875 49.6018524169921875 37.619235992431640625 11.336215019226074219 17.164983749389648438 24.201139450073242188 26.284673690795898438 26.487897872924804688 26.997468948364257812 27.02591705322265625 24.026647567749023438 20.327907562255859375 18.956531524658203125 20.309051513671875 20.3162384033203125 17.9381866455078125 14.73876953125 14.985858917236328125 16.276676177978515625 19.7326812744140625 22.617137908935546875 23.90331268310546875 23.301801681518554688 25.373834609985351562 48.729915618896484375 55.16161346435546875 52.846958160400390625 52.846958160400390625 54.68235015869140625 56.267124176025390625 58.286586761474609375 58.5678253173828125 56.623317718505859375 47.763416290283203125 39.083179473876953125 35.78054046630859375 28.207445144653320312 20.892681121826171875 23.368051528930664062 27.155374526977539062
43.818378448486328125 18.136564254760742188 0 6.5898041725158691406 7.8845210075378417969 11.076722145080566406 16.50536346435546875 21.101869583129882812 29.904340744018554688 33.579959869384765625 35.20111846923828125 31.252008438110351562 18.819372177124023438 14.983662605285644531 12.910413742065429688 14.636653900146484375 17.489988327026367188 18.75429534912109375 19.625217437744140625 21.01636505126953125 21.851774215698242188 26.389760971069335938 31.813714981079101562 47.0988922119140625 61.377590179443359375 60.807476043701171875 55.3208160400390625 55.3208160400390625 54.42163848876953125 52.00789642333984375 49.463474273681640625 48.25002288818359375 49.31842041015625 44.7132415771484375 39.5681304931640625 38.3470611572265625 29.728887557983398438 14.2101898193359375 20.556766510009765625 28.302593231201171875
21.851774215698242188 6.5844197273254394531 4.4389042854309082031 5.5928273200988769531 8.0862598419189453125 14.520476341247558594 22.056690216064453125 29.089687347412109375 38.999942779541015625 42.244022369384765625 44.814891815185546875 48.0032196044921875 48.08666229248046875 47.288330078125 40.316051483154296875 23.873104095458984375 23.183889389038085938 25.0743560791015625 23.336561203002929688 22.61765289306640625 24.065744400024414062 34.613330841064453125 47.379016876220703125 60.34633636474609375 62.56394195556640625 54.75038909912109375 54.75038909912109375 48.7023162841796875 41.139240264892578125 30.7801971435546875 28.197589874267578125 30.907129287719726562 35.698516845703125 32.598545074462890625 26.880998611450195312 23.483386993408203125 22.5155181884765625 20.731916427612304688 22.772556304931640625 23.790750503540039062
